version: 1
creator: callgrind-3.9.0
pid: 26228
cmd:  ./um midmark.um
part: 1


desc: I1 cache: 
desc: D1 cache: 
desc: LL cache: 

desc: Timerange: Basic block 0 - 6254586846
desc: Trigger: Program termination

positions: line
events: Ir
summary: 32206528535


ob=(2) ???
fl=(12) ???
fn=(184) 0x00000000048014d0
0 2
cob=(4) /usr/sup/valgrind-3.9.0/lib/valgrind/vgpreload_core-amd64-linux.so
cfi=(41) ???
cfn=(186) 0x0000000000000520
calls=1 0 
0 6
0 1
cob=(4)
cfi=(41)
cfn=(192) 0x0000000000000630
calls=1 0 
0 16
0 1
cob=(4)
cfi=(41)
cfn=(202) 0x00000000000007a0
calls=1 0 
0 12
0 2

fn=(254) 0x0000000000400918
0 2
cob=(5) /h/aburgo02/Desktop/comp40/hw7/um
cfi=(50) ???
cfn=(256) 0x0000000000400a8c
calls=1 0 
0 6
0 1
cob=(5)
cfi=(50)
cfn=(262) 0x0000000000400b90
calls=1 0 
0 15
0 1
cob=(5)
cfi=(50)
cfn=(272) 0x0000000000402870
calls=1 0 
0 12
0 2

fn=(562) 0x00000000048017d8
0 2
cob=(4)
cfi=(41)
cfn=(564) 0x00000000000005b0
calls=1 0 
0 1183
0 2

fn=(546) 0x00000000004028a8
0 2
cob=(5)
cfi=(50)
cfn=(548) 0x0000000000400b20
calls=1 0 
0 27
0 2

ob=(3) /lib64/libc-2.12.so
fl=(61) /usr/src/debug/glibc-2.12-2-gc4ccff1/malloc/hooks.c
fn=(490) realloc_hook_ini
48 3
+1 1
-1 2
+1 1
+1 2
+1 1
cfi=(62) /usr/src/debug/glibc-2.12-2-gc4ccff1/malloc/arena.c
cfn=(296) ptmalloc_init
calls=1 467 
* 16
+1 2
+1 3
-1 1
cfi=(60) /usr/src/debug/glibc-2.12-2-gc4ccff1/malloc/malloc.c
cfn=(489) realloc'2
calls=1 3753 
* 693

fn=(294) malloc_hook_ini
36 1
-1 2
+1 1
+1 1
cfi=(62)
cfn=(296)
calls=1 467 
* 59890
+1 1
+1 1
-1 1
cfi=(60)
cfn=(293) malloc'2
calls=1 3619 
* 1060

fl=(65) /usr/src/debug/glibc-2.12-2-gc4ccff1/nptl/../nptl/sysdeps/unix/sysv/linux/register-atfork.c
fn=(302) __linkin_atfork
117 1
+2 4
-1 3
+2 1

fl=(67) /usr/src/debug/glibc-2.12-2-gc4ccff1/misc/sbrk.c
fn=(310) sbrk
35 90
+8 123
+4 36
+4 57
+3 15
cfi=(68) /usr/src/debug/glibc-2.12-2-gc4ccff1/misc/../sysdeps/unix/sysv/linux/x86_64/brk.c
cfn=(312) brk
calls=15 -25 
* 180
-3 30
+7 108
-14 2
cfi=(68)
cfn=(312)
calls=1 -15 
* 12
* 4
+9 2
-2 4

fl=(81) /usr/src/debug////////glibc-2.12-2-gc4ccff1/misc/../sysdeps/unix/syscall-template.S
fn=(406) mmap
82 15
+1 3

fn=(444) munmap
82 8
+1 2

fl=(66) /usr/src/debug/glibc-2.12-2-gc4ccff1/malloc/morecore.c
fn=(308) __default_morecore
48 18
+1 18
cfi=(67)
cfn=(310)
calls=18 -14 
* 663
+1 54
+3 36

fl=(89) /usr/src/debug/glibc-2.12-2-gc4ccff1/stdlib/exit.c
fn=(540) exit
99 5
-57 3
+36 3
-32 1
+32 1
-32 1
+32 3
-32 1
+32 1
-32 1
+3 2
+1 5
+33 1
+1 1
-1 1
+1 1
+7 6
cfi=(70) /usr/src/debug/glibc-2.12-2-gc4ccff1/libio/genops.c
cfn=(594) _IO_cleanup
calls=1 1007 
* 256
* 3
+2 2
cfi=(93) /usr/src/debug/glibc-2.12-2-gc4ccff1/posix/../sysdeps/unix/sysv/linux/_exit.c
cfn=(604) _Exit
calls=1 -64 
* 5
-19 1
+4 1
-4 2
+4 1
-2 2
+2 1
cob=(1) /lib64/ld-2.12.so
cfi=(90) /usr/src/debug/glibc-2.12-2-gc4ccff1/elf/dl-fini.c
cfn=(542) _dl_fini
calls=1 +55 
* 1710
* 1

fl=(75) /usr/src/debug/glibc-2.12-2-gc4ccff1/io/../sysdeps/unix/sysv/linux/wordsize-64/xstat.c
fn=(368) _xstat
37 1
-1 1
+1 1
+1 6
+4 1

fl=(49) /usr/src/debug/glibc-2.12-2-gc4ccff1/stdlib/bsearch.c
fn=(226) bsearch
27 104
+7 162
+2 54
+2 54
-2 54
+1 216
+1 108
cfi=(48) /usr/src/debug/glibc-2.12-2-gc4ccff1/string/../sysdeps/x86_64/cacheinfo.c
cfn=(228) intel_02_known_compare
calls=54 152 
* 378
+1 108
+2 8
+1 8
-8 24
+14 72

fl=(63) /usr/src/debug/glibc-2.12-2-gc4ccff1/misc/../sysdeps/unix/sysv/linux/getpagesize.c
fn=(298) getpagesize
35 5
+16 1

fl=(42) /usr/src/debug/glibc-2.12-2-gc4ccff1/csu/../sysdeps/unix/sysv/linux/init-first.c
fn=(208) _init
52 6
+6 1
-6 2
+6 2
+17 1
fi=(44) /usr/src/debug/glibc-2.12-2-gc4ccff1/csu/../sysdeps/unix/sysv/linux/x86_64/init-first.c
-40 2
fe=(42)
+38 1
+1 1
fi=(44)
-41 2
fe=(42)
+42 1
fi=(44)
-42 3
+2 1
cfi=(43) /usr/src/debug/glibc-2.12-2-gc4ccff1/elf/../sysdeps/unix/sysv/linux/dl-vdso.c
cfn=(210) _dl_vdso_vsym
calls=1 -8 
* 8
+8 1
-5 2
+5 1
-5 1
+2 2
+1 1
+2 1
cfi=(43)
cfn=(210)
calls=1 -16 
* 8
fe=(42)
+46 3
fi=(44)
-45 2
+1 1
fe=(42)
+44 1
cfi=(45) /usr/src/debug/glibc-2.12-2-gc4ccff1/misc/init-misc.c
cfn=(214) __init_misc
calls=1 -58 
* 58
+8 1
cfi=(47) /usr/src/debug/glibc-2.12-2-gc4ccff1/elf/soinit.c
cfn=(218) __libc_global_ctors
calls=1 -78 
* 2009
+2 6
-32 1
-9 1
+9 4

fl=(45)
fn=(214)
31 3
+1 1
-1 1
+1 4
+2 3
cfi=(46) /usr/src/debug////////glibc-2.12-2-gc4ccff1/string/../sysdeps/x86_64/strrchr.S
cfn=(216) __GI_strrchr
calls=1 -8 
* 34
+1 2
+3 3
+1 3
+2 4

fl=(43)
fn=(210)
27 2
+1 4
+4 4
+14 2
+4 4

fl=(62)
fn=(296)
467 12
+8 6
631 14
476 1
-66 1
+2 1
+1 1
+1 1
+1 1
cfi=(63)
cfn=(298)
calls=1 35 
* 6
519 1
415 1
+96 1
-93 1
+1 1
+91 1
+1 1
+8 1
+8 2
+1 1
-3 1
+3 1
-1 1
+1 10
cfi=(65)
cfn=(302)
calls=1 117 
* 9
+11 2
+2 5
+16 2
382 114
+16 57
-18 174
622 2
+5 2
+1 2
+2 2
521 5
cfi=(64) /usr/src/debug/glibc-2.12-2-gc4ccff1/elf/dl-addr.c
cfn=(300) _dl_addr
calls=1 127 
* 59443
-2 2
+2 1
-2 2
382 14

fl=(93)
fn=(604)
29 2
+4 1
+2 2

fl=(73) /usr/src/debug/glibc-2.12-2-gc4ccff1/string/../string/strstr.c
fn=(358) __GI_strstr
53 9
+10 3
+2 2
fi=(74) /usr/src/debug/glibc-2.12-2-gc4ccff1/string/../string/str-two-way.h
273 1
fe=(73)
89 9
-26 3

fl=(77) /usr/src/debug////////glibc-2.12-2-gc4ccff1/string/../sysdeps/x86_64/memset.S
fn=(376) __GI_memset
44 173745
+1 173745
+1 173745
+4 173745
+1 173745
+1 173745
+1 173745
+2 173745
+1 173745
+2 173722
+5 173722
+1 173722
+1 173722
+1 173722
+1 173722
327 25
+1 25
+1 25
+1 25
+1 25
+1 25
+1 25
+1 25
+1 25
+1 25
+1 25
+1 25
+1 25
+1 25
-11 173697
+1 173697
+1 173697
+1 173697
+1 173697
+1 173697
+1 173697
+1 173697
+1 173697
+1 173697
+1 173697
+1 173697
504 23
+1 23
+1 23
+1 23
+1 23
+1 23
+1 23
+5 23
+1 23
+1 23
+1 23
+1 23
+85 23
+1 23
+2 23
+1 23
+2 13
+5 13
+1 13
+1 13
+1 13
+1 13
741 13
+1 13
+1 13
+1 13
+1 13
+1 13
+1 13
+1 13
+1 13
+1 13
+1 13
-8 1
+1 1
+1 1
+1 1
+1 1
+1 1
+1 1
+1 1
+1 1
-5 1
+1 1
+1 1
+1 1
+1 1
+1 1
-2 8
+1 8
+1 8
866 10
+1 10
+1 20
+4 10
+1 10
+1 10
+1 10
+1 10
+1 10
+1 10
+1 10
+1 10
+1 10
+2 10
+1 10
-12 947
+1 947
+1 947
+1 947
+1 947
+1 947
+1 947
+1 947
+1 947
+1 947
+2 947
+1 947
+1 10
+5 10
+1 10
+1 10
+1 10
+1 10

fl=(70)
fn=(408) _IO_setb
404 16
+1 4
-1 4
+1 12
+4 4
-2 4
+1 4
+1 4
+3 2
+1 8
-3 2
+3 8
-7 7
cfi=(81)
cfn=(444)
calls=1 82 
* 5
* 3

fn=(434) _IO_un_link
64 12
+1 6
+4 6
+1 11
+1 1
+1 15
+2 3
+2 2
+14 1
+2 8
+2 1
-1 1
+1 9
+1 2
+3 12
-6 6
-14 1
+2 1
-2 2

fn=(594)
1007 1
+3 1
-3 4
+3 1
cfn=(596) _IO_flush_all_lockp
calls=1 823 
* 77
-59 1
+59 1
-59 2
+11 2
-9 12
+1 2
-1 7
+9 13
+7 5
+10 5
cfi=(71) /usr/src/debug/glibc-2.12-2-gc4ccff1/libio/fileops.c
cfn=(598) _IO_file_setbuf@@GLIBC_2.2.5
calls=1 445 
* 78
+2 2
+6 3
-36 9
+71 7
-51 1
+4 1
-4 1
+2 1
+2 1
-2 1
+3 1
-2 1
+2 3
+6 12

fn=(450) _IO_default_finish
687 2
+2 3
+6 3
+3 3
+6 1
+6 1
-6 1
cfn=(434)
calls=1 64 
* 10

fn=(596)
823 2
+6 1
-6 6
+6 2
+6 1
-1 1
+2 2
-2 1
+2 3
+33 2
+4 9
-37 8
+6 2
-4 2
+4 5
-4 1
+4 2
+14 3
-2 3
+2 3
+7 6
-21 12

fn=(398) _IO_doallocbuf
419 2
+1 2
-1 2
+1 2
+6 4
-4 4
+1 6
cfi=(79) /usr/src/debug/glibc-2.12-2-gc4ccff1/libio/filedoalloc.c
cfn=(400) _IO_file_doallocate
calls=2 88 
* 165
* 4

fn=(600) _IO_default_setbuf
562 5
+1 1
-1 2
+1 1
cfi=(71)
cfn=(602) _IO_file_sync@@GLIBC_2.2.5
calls=1 891 
* 13
* 2
+2 2
+2 1
+1 5
cfn=(408)
calls=1 404 
* 19
+7 3
+1 3
+2 6

fn=(350) _IO_link_in
104 8
+1 6
+4 1
-2 2
+2 5
+1 11
+1 1
+1 15
+4 1
+2 1
-4 1
+1 1
-1 1
+4 7
+2 1
-1 1
+1 9
+1 2
+3 8
-6 6

fn=(344) _IO_no_init
648 9
+1 1
cfn=(346) _IO_old_init
calls=1 -13 
* 24
+3 1
-2 1
+2 1
+2 1
+1 1
+1 1
+1 1
+1 1
+1 1
+1 1
+1 1
+1 1
+1 1
+1 1
+1 1
+2 1
+3 1
+1 6

fn=(346)
636 1
-21 1
+1 1
-1 1
+2 1
+1 1
+1 1
+17 1
-16 1
+1 1
+1 1
+1 1
+1 1
+1 1
+2 1
+1 1
+1 1
+1 1
+1 1
+5 1
+1 4

fn=(392) __uflow
368 3
+2 3
-2 3
+2 7
+6 9
+3 12
+2 9
+6 6
+5 6
+2 6
+1 3
-1 6
cfn=(394) _IO_default_uflow
calls=3 +46 
* 345
-24 4

fn=(394)
440 3
-1 6
+1 3
cfi=(71)
cfn=(396) _IO_file_underflow@@GLIBC_2.2.5
calls=3 +97 
* 313
+1 6
+2 8
+1 6

fn=(438) _IO_unsave_markers
1118 2
+19 2
+1 1

fn=(410) _IO_switch_to_get_mode
188 6
-1 6
+1 3
+3 9
+5 3
-1 6
+1 3
+7 3
-4 3
+2 9
+2 3
+2 6

fn=(522) __overflow
246 543
+1 1
+1 3
cfi=(71)
cfn=(524) _IO_file_overflow@@GLIBC_2.2.5
calls=1 829 
* 162
* 540
cfi=(71)
cfn=(524)
calls=180 829 
* 6640

fl=(39) /usr/src/debug/glibc-2.12-2-gc4ccff1/csu/../sysdeps/x86_64/multiarch/init-arch.c
fn=(164) __init_cpu_features
53 1
-8 1
+8 1
+3 1
-3 1
+3 3
+70 1
+1 1
+2 1
+1 2
-74 2
+9 1
-33 3
+6 1
-6 1
+6 1
-6 1
+7 1
+30 1
-30 1
-7 1
+37 1
-31 1
+27 2
-26 1
+30 1
+1 1
-38 1
+32 1
+6 1
+5 2
+3 1
+1 2
+11 2
+12 4
-23 9

fl=(53) /usr/src/debug/glibc-2.12-2-gc4ccff1/csu/libc-start.c
fn=(246) (below main)
96 7
+10 1
-10 3
+10 3
+52 1
-52 1
+52 1
+1 4
cfi=(54) /usr/src/debug/glibc-2.12-2-gc4ccff1/stdlib/cxa_atexit.c
cfn=(248) __cxa_atexit
calls=1 57 
* 60
+22 4
+3 2
+1 5
cob=(5)
cfi=(50)
cfn=(252) __libc_csu_init
calls=1 0 
* 64
+4 4
+15 2
+9 2
cfi=(55) /usr/src/debug////////glibc-2.12-2-gc4ccff1/setjmp/../sysdeps/x86_64/bsd-_setjmp.S
cfn=(278) _setjmp
calls=1 34 
* 29
+1 2
+5 2
+1 2
+3 2
+3 5
cob=(5)
cfi=(58) /h/aburgo02/Desktop/comp40/hw7/um.c
cfn=(284) main
calls=1 51 
* 32206388543
+32 2
cfi=(89)
cfn=(540)
calls=1 99 
* 2022
106 2

fl=(69) /usr/src/debug/glibc-2.12-2-gc4ccff1/libio/../libio/iofopen.c
fn=(340) __fopen_internal
68 7
+8 1
-8 1
+8 1
cfi=(60)
cfn=(292) malloc
calls=1 3619 
* 178
* 1
+2 1
-2 1
+2 1
+3 1
+3 5
-3 1
+3 1
cfi=(70)
cfn=(344)
calls=1 648 
* 57
+4 1
+1 1
-1 1
+1 1
cfi=(71)
cfn=(348) _IO_file_init@@GLIBC_2.2.5
calls=1 +58 
* 90
+4 5
cfi=(71)
cfn=(352) _IO_file_fopen@@GLIBC_2.2.5
calls=1 257 
* 112
* 2
+2 1
+5 5
-5 1
cfn=(362) __fopen_maybe_mmap
calls=1 -50 
* 4

fn=(338) fopen@@GLIBC_2.2.5
107 2
cfn=(340)
calls=1 -39 
* 481

fn=(362)
45 1
-2 1
+2 1
+15 1

fl=(60)
fn=(292)
3619 7074205
+5 2829682
+1 2829682
+3 2829680
+33 11318720
+3 4244520
cfn=(304) _int_malloc
calls=1414840 4280 
* 83385169
+1 1414840
-1 1414840
+1 1414840
+21 5659360
+4 8489040
-64 1
+64 4
-64 1
cfi=(61)
cfn=(294)
calls=1 36 
* 60958

fn=(293)
3619 5
+5 2
+1 2
+3 2
+33 8
+3 3
cfn=(304)
calls=1 4280 
* 1025
+1 1
-1 1
+1 1
+21 4
+4 6

fn=(306) malloc_consolidate
5138 72
+22 18
+1 24
+2 8
+17 8
+2 16
+3 16
+4 16
-4 144
+4 195
+25 8761
-1 8761
+1 86082
+4 57097
+4 57097
-3 57097
+1 57097
+2 57097
+1 7426
+1 7426
+3 7426
+1 7426
+1 7426
-2 7426
+3 7426
-3 7426
+12 7426
-3 7426
+3 7426
-12 49671
+1 49671
+1 49671
-2 49671
+3 49671
-3 49671
+12 49671
-3 49671
+3 49689
-3 18
+3 18
-41 57115
-3 57115
+3 114230
+1 57115
+1 114230
+2 114230
+1 47283
+2 47283
-1 47283
+2 487818
+3 114230
+3 114194
+4 96672
+26 304
-7 18
+1 18
-1 54
2481 3
+5 3
+5 1
+2 1
-2 1
+2 1
5248 72
2482 1
5134 2
2482 3
-2 2
+2 378
-2 253
+10 3

fn=(304)
4280 25467219
+30 22637528
+8 5659382
+1 8488956
+1 2829652
+2 2829652
+4 5659304
-6 2772536
+9 5545072
-9 2772536
+9 8317608
+1 2772536
-1 2772536
+1 5545072
+5 13862680
4715 2774319
-1 2774319
+1 5548638
+75 25467219
4363 114310
+1 57142
+1 57142
-1 57142
+1 57142
-1 57142
+1 114284
+2 171426
+1 140
+3 69
+1 138
+6 69
+1 69
+2 69
-4 69
+4 138
+23 104
+1 39
+1 16
cfn=(306)
calls=4 5138 
* 577348
* 8
4764 4
-2 4
+2 8
-2 4
+2 12
-2 4
+2 40
4448 4
4764 20
4425 4
4764 12
4433 4
4764 4
4448 4
4764 8
4425 4
4764 57082
-2 57082
+2 114164
-2 57082
+2 171246
-2 57082
+2 570820
4448 57082
4764 285410
4425 57082
4764 171246
4433 57082
4764 57082
4448 57082
4764 114164
4425 57082
4764 4
4425 2
+69 1156
+1 1156
+1 5780
-1 1156
+1 1156
-1 1156
+1 2312
+45 1156
+4 1156
-3 1156
-1 1156
+7 1156
-5 1156
+1 1156
+1 1156
+3 1156
-7 33
+4 33
-3 33
-1 33
+7 33
-5 33
+1 33
+1 33
+3 33
4425 174831
+3 12401
-2 12401
+1 49604
+8 12401
+10 49514
+35 1783
-5 1783
+1 1783
+4 1783
+13 2378
+6 312
+1 18
+1 18
+3 36
-5 48
+1 6
+1 6
+3 12
+5 11
-3 11
+3 22
+5 2
-1 2
+1 2
+1 8
+4 27
+6 18
+6 1
-1 1
+1 1
+1 1
+1 2
+2 18
-36 150
+1 4
+1 4
+3 8
-5 35
+1 5
+1 5
+3 10
+34 88
-91 11330
-2 45292
+6 10618
+1 21236
+4 10618
-3 21236
+1 10618
+1 21236
+1 10618
+2 9950
+1 9950
+3 9950
+3 9950
-3 9950
+6 9950
-6 49750
+2 9950
-2 9950
+7 9950
-5 19900
+5 29850
-7 668
+3 668
-3 668
+6 668
-6 3340
+2 668
-2 668
+7 668
-5 1336
+5 2004
+30 32
+28 16
+30 137628
+71 45876
+4 45876
-4 45876
+2 45876
-1 45876
+3 45876
-2 45876
+2 45876
-1 45876
-2 45876
+3 45876
-1 45876
-2 91752
+8 228622
+2 537216
+2 537264
+2 216
+5 54
-5 108
+5 104
+1 50
+1 50
-2 100
+1 1427
+1 1427
-2 5140
+7 1197
+3 2394
+1 77
+1 77
+1 77
-2 231
+60 77
4499 7
4737 44756
+1 44756
-1 44756
+1 44756
+2 89512
+18 34
+1 10
cfn=(306)
calls=2 5138 
* 30363
+5 2
-3 8
+3 2
-3 2
4482 594
-1 594
+1 1188
+76 52
+3 39
4749 44739
+1 179016
4404 6
4665 1120
+8 2240
-8 1120
+5 2240
+3 9209
+3 2240
+13 702
+1 1404
-6 702
+17 702
-6 702
+1 702
+2 702
-1 702
+4 702
+1 700
+1 1404
+2 32
+1 32
+2 32
+3 32
-3 192
+2 64
-2 32
+2 64
-2 670
+3 670
-3 4020
+2 1340
-2 670
+2 1340
4404 60
-78 5545072
4678 418
-1 418
+1 1254
4404 6
-35 4
cfn=(306)
calls=1 5138 
* 670
* 3
+35 8
2992 30
+13 15
-13 15
+13 18
+14 5
+7 2
+83 42
3422 42
+1 14
+8 56
+4 28
-2 14
+2 28
-1 14
+1 28
+1 14
-1 14
+1 14
+2 14
-3 28
+1 14
4785 45
-41 89478
-2 44739
+2 89478
-1 44739
+1 89478
+2 44739
-2 44739
+2 44739
-2 89478
+2 89478
3076 28
+95 14
+19 14
-19 14
+8 14
-8 56
+19 70
+8 14
-8 14
+8 14
+1 70
cfi=(66)
cfn=(308)
calls=14 48 
* 659
+2 14
-2 14
+2 42
+2 28
+1 28
4786 28
3249 28
+1 1
+1 2
3086 1
3257 1
-6 1
+6 1
-6 26
3086 13
3257 13
-6 13
+6 39
+1 65
-32 2
+34 7
+42 5
+19 1
+7 2
-4 1
+4 1
-4 1
+1 4
+3 2
cfi=(66)
cfn=(308)
calls=1 48 
* 27
+12 4
+5 2
+1 2
4786 1
3365 1
-1 1
+1 3
+1 1
+11 2
-84 2
3028 8
cfi=(81)
cfn=(406)
calls=1 82 
* 6
+2 3
+27 3
+5 5
+1 1
+2 1
+1 1
-1 1
+1 1
+1 1
+9 2

fn=(322) calloc
4050 1414838
-13 1414838
+13 1414838
-3 1414838
+3 1414838
-13 8489028
+10 1414838
+3 2829676
+8 2829676
+1 2829676
+15 14148380
+7 1414838
+8 1414838
-7 2829676
+7 2829676
+7 4244514
cfn=(304)
calls=1414838 4280 
* 83378846
+6 1414838
-6 1414838
+6 1414838
+21 5659352
+5 1414838
-4 1414838
+4 2829676
+47 12733542
-36 1414838
-3 1414838
+3 5659352
+10 1414838
+1 2829676
+3 2829676
+7 1241093
-3 1241093
+1 1241093
+1 1241093
+1 1241093
+3 60712
-2 60712
+1 60712
+1 60712
+3 44807
-2 44807
+1 44807
+1 44807
+1 42512
+1 85024
-29 67311
+15 521235
cfi=(77)
cfn=(376)
calls=173745 44 
* 4702963
* 173745

fn=(492) _int_realloc
5257 128
+22 16
-22 16
+21 16
+1 16
-1 16
+1 16
-1 32
+21 16
+1 16
+1 32
-1 16
+1 32
+7 16
+83 16
-83 16
+8 32
+11 29
+5 12
+68 2
+2 2
+6 2
-1 1
+1 2
+1 1
+5 1
-5 3
+3 1
+2 2
cfn=(456) _int_free
calls=1 4802 
* 89
+7 1
+73 112
5332 3
-16 3
+2 3
-2 6
+21 48
cfn=(304)
calls=12 4280 
* 581540
* 12
+1 48
+3 12
+1 12
+5 24
+11 12
+1 12
+2 24
+3 24
+22 48
cfn=(456)
calls=12 4802 
* 1074
+5 24
+17 4
-89 12
+2 3
-2 6
+2 3
-2 9
+1 6
+1 3
+2 6
+42 24
cfi=(86) /usr/src/debug////////glibc-2.12-2-gc4ccff1/string/../sysdeps/x86_64/memcpy.S
cfn=(494) memcpy
calls=12 56 
* 69516
* 12

fn=(488) realloc
3753 144
+7 32
+1 32
+4 30
+4 30
+5 15
-2 15
+2 30
+6 90
+7 120
+3 30
+19 45
+9 90
+8 75
cfn=(492)
calls=15 5257 
* 652616
* 15
+2 60
+4 45
+27 135
-97 1
+97 7
-97 1
cfi=(61)
cfn=(490)
calls=1 48 
* 725

fn=(489)
3753 9
+7 2
+1 2
+4 2
+4 2
+5 1
-2 1
+2 2
+6 6
+7 8
+3 2
+19 3
+9 6
+8 5
cfn=(492)
calls=1 5257 
* 625
* 1
+2 4
+4 3
+27 9

fn=(456)
4802 25467219
+15 2829691
-15 2829691
+15 5659382
+6 16978146
+17 5659382
+13 5659382
+11 2829653
+1 2829653
-1 5659306
+1 2829653
-1 5659306
+29 8488959
+3 8488959
+1 5659306
+1 2829653
+4 2829653
-4 2829653
+10 19807571
+9 11318612
+2 2829653
+2 16977918
+2 5659306
5117 22637328
4952 76
+2 152
+19 114
+6 38
-10 38
+10 38
+8 114
+7 76
-1 38
+1 76
+7 114
+4 76
+1 1
+2 1
-1 1
+2 13
+3 76
+5 76
+1 82
+1 7
+10 7
+1 7
+1 14
-2 31
+1 31
+1 62
+7 38
-2 38
+1 38
+1 38
+2 17
+1 17
+2 17
+3 17
-2 17
+2 17
+1 17
-1 17
+31 34
-34 21
+3 21
-2 21
+2 21
+1 21
-1 21
+31 42
+1 6
+3 9
4963 200
+58 62
+62 15
3469 1
+4 7
+2 2
+6 3
cfi=(66)
cfn=(308)
calls=1 48 
* 27
* 1
+1 4
+12 3
cfi=(66)
cfn=(308)
calls=1 48 
* 49
+2 2
+1 2
+2 2
cfi=(66)
cfn=(308)
calls=1 48 
* 27
+2 2
+3 2
+3 2
-1 1
+1 3
5098 114
+2 100
+17 200
-38 4
cfn=(306)
calls=2 +59 
* 1779920
* 2
-98 38
-2 38
+2 76
-2 76

fn=(454) free
3702 5659358
+1 5659358
+5 5659358
+6 2829679
-3 2829679
+3 5659358
+15 8489034
+2 5659356
cfn=(456)
calls=2829678 4802 
* 197028721
-14 7
+4 2
+1 1
-1 1
+1 2
3535 3
+1 1
+6 6
+10 1
-3 1
+1 1
+2 1
cfi=(81)
cfn=(444)
calls=1 82 
* 5

fl=(38) /usr/src/debug////////glibc-2.12-2-gc4ccff1/string/../sysdeps/x86_64/multiarch/strcmp.S
fn=(166) strncasecmp
124 1
+1 1
+3 1
+1 1
+1 1
+5 1

fn=(162) strcasecmp
106 1
+1 1
+1 1
cfi=(39)
cfn=(164)
calls=1 -55 
* 57
+2 1
+1 1
+1 1
+5 1

fl=(57) /usr/src/debug/glibc-2.12-2-gc4ccff1/setjmp/sigjmp.c
fn=(282) __sigjmp_save
30 1
-1 2
+1 2
+5 1
-5 1
+5 2

fl=(80) /usr/src/debug/glibc-2.12-2-gc4ccff1/io/../sysdeps/unix/sysv/linux/wordsize-64/fxstat.c
fn=(404) _fxstat
37 2
-1 2
+1 2
+1 12
+4 2

fl=(88) /usr/src/debug/glibc-2.12-2-gc4ccff1/libio/fputc.c
fn=(520) fputc
35 181
+3 181
-3 362
+3 2534
+1 543
fi=(82) /usr/src/debug/glibc-2.12-2-gc4ccff1/libio/libioP.h
968 362
+1 1991
fe=(88)
42 543
-3 543
cfi=(70)
cfn=(522)
calls=181 246 
* 7889
* 362

fl=(48)
fn=(222) handle_intel
307 4
+9 2
-9 16
+8 2
+1 4
+8 4
+5 2
-5 4
+5 2
+7 10
cfn=(224) intel_check_word
calls=2 163 
* 1564
+1 4
+3 10
cfn=(224)
calls=2 163 
* 194
+1 4
-10 2
+1 2
-1 4
+27 16

fn=(224)
163 44
+1 8
+8 4
-2 32
+14 20
+53 16
+36 40
-1 8
+1 8
cfi=(49)
cfn=(226)
calls=8 27 
* 1350
+2 16
+22 8
172 16
+2 10
+2 20
-4 2
302 32
196 10
+5 15
-5 2
+11 10
+23 3
-34 15
+5 6
+4 8
+2 10
+8 2
+2 4
+2 28
-12 3
-6 1
-5 1
+9 2
+2 4

fn=(220) init_cacheinfo
538 4
+13 3
+7 2
747 5
560 3
cfn=(222)
calls=1 307 
* 900
+4 2
-4 1
+4 1
cfn=(222)
calls=1 307 
* 950
+2 1
-2 1
+2 2
+29 1
-18 1
+18 3
+7 6
+6 2
-6 12
+6 6
+3 20
+2 1
+6 6
+7 1
-7 1
+38 2
+75 2
+3 2
+1 1
+1 1
-1 2
+4 2
+3 2
+1 1
+1 1
-1 3
-86 7
-1 3
-31 8
+2 2
+2 8
+2 4
+5 1
+2 2
+1 1
-1 1
+1 4
+1 1

fn=(228)
152 216
+3 108
+1 54

fl=(92) /usr/src/debug/glibc-2.12-2-gc4ccff1/nptl/../nptl/sysdeps/unix/sysv/linux/unregister-atfork.c
fn=(578) __unregister_atfork
37 1
-8 3
+11 2
+1 4
+5 1
-6 2
+82 2

fl=(55)
fn=(278)
34 1
+2 1
cfi=(56) /usr/src/debug////////glibc-2.12-2-gc4ccff1/setjmp/../sysdeps/x86_64/setjmp.S
cfn=(280) __sigsetjmp
calls=1 -10 
* 27

fl=(68)
fn=(312)
29 16
+3 96
+2 48
+7 32

fl=(78) /usr/src/debug/glibc-2.12-2-gc4ccff1/libio/getc.c
fn=(390) getc
37 120441
+3 120441
-3 120441
+3 1686174
+1 722637
fi=(82)
968 240882
+1 1324851
fe=(78)
44 361323
-3 6
cfi=(70)
cfn=(392)
calls=3 368 
* 422
* 6

fl=(56)
fn=(280)
26 1
+2 1
+1 2
+1 1
+4 1
+1 1
+1 1
+1 1
+1 1
+2 2
+2 1
+1 1
+2 2
+2 1
+9 1
cfi=(57)
cfn=(282)
calls=1 -26 
* 9

fl=(72) /usr/src/debug////////glibc-2.12-2-gc4ccff1/io/../sysdeps/unix/syscall-template.S
fn=(356) __open_nocancel
82 5

fn=(414) read
82 6
cfn=(416) __read_nocancel
calls=3 * 
* 15

fn=(534) __write_nocancel
82 35

fn=(442) __close_nocancel
82 5

fn=(416)
82 15

fn=(354) open
82 2
cfn=(356)
calls=1 * 
* 5

fn=(532) write
82 14
cfn=(534)
calls=7 * 
* 35

fl=(79)
fn=(400)
88 8
+15 12
cfi=(71)
cfn=(402) _IO_file_stat
calls=2 1225 
* 28
* 4
+2 8
+11 3
+1 6
+3 12
cfi=(81)
cfn=(406)
calls=2 -38 
* 12
* 6
+1 8
cfi=(70)
cfn=(408)
calls=2 404 
* 34
* 2
+2 8
-13 1
fi=(94) /usr/src/debug/glibc-2.12-2-gc4ccff1/libio/../sysdeps/unix/sysv/linux/sys/sysmacros.h
-65 6
fe=(79)
+65 1
-2 2
+8 1
-3 1
+3 2

fl=(47)
fn=(592) __libc_fini
19 1
+17 1
-17 2
+20 2

fn=(218)
19 1
+7 1
-7 5
+1 1
cfi=(48)
cfn=(220)
calls=1 538 
* 1996
-1 3
+10 2

fl=(64)
fn=(300)
127 9
+5 1
-5 2
+5 2
cob=(1)
cfi=(2) /usr/src/debug/glibc-2.12-2-gc4ccff1/elf/rtld.c
cfn=(42) rtld_lock_default_lock_recursive
calls=1 836 
* 2
+3 5
+1 4
+1 14
31 2
+1 2
+3 3
+5 1
+6 1
-6 1
+1 3
+2 3
+3 1
+5 3
+74 1
-74 1
+74 4
-72 1
+19 1
-18 2
-1 1010
+19 1010
-18 2020
+2 3600
+14 1257
+2 3771
-10 2514
+1 1257
-1 4314
+1 900
-1 1800
+2 4314
-2 4314
+3 6462
-3 5538
+3 615
-3 1278
+3 16
-3 32
+3 599
-3 3355
+10 5325
-21 4042
+85 6
-36 2
+1 2
+1 2
+3 2
+41 2
cob=(1)
cfi=(2)
cfn=(44) rtld_lock_default_unlock_recursive
calls=1 842 
* 2
+3 9
-32 1
+1 3

fl=(86)
fn=(494)
56 19
+2 19
+2 19
+3 10
+1 10
+11 10
+1 10
+11 10
+1 10
+11 10
+1 10
+2 7
+1 7
+2 7
+1 7
+5 7
+1 7
-1 3
+1 6
+5 3
+1 3
+1 3
+1 3
+2 3
+2 3
+1 3
+2 3
-10 3
+1 3
+1 3
+1 3
+2 3
+2 3
+1 3
+2 3
+8 10
+8 18
+6 18
+2 18
+1 18
+26 18
+1 18
+3 3
+1 3
+1 3
+5 39
+2 39
+1 39
+1 39
+1 39
+2 39
+1 39
+1 39
+1 39
+2 39
+1 39
+2 39
+2 36
+2 36
+1 36
+1 36
+1 36
+2 36
+1 36
+1 36
+1 36
+2 36
+1 36
+2 36
+5 3
+6 3
+1 3
+2 1
+17 15
+1 15
+1 15
+5 15
+1 15
+4 15
+1 15
+2 19757
+1 15
+6 15
+1 15
+1 15
+3 8
+6 8
+1 8
+2 8
+13 7
+1 7
+1 7
+3 7
+1 7
+1 7
+1 7
+2 7
+2 7
+2 7
+2 7
+3 7
+1 7
+69 1997
+2 1997
+1 1997
+1 1997
+1 1997
+1 1997
+1 1997
+1 1997
+1 1997
+2 1997
+1 1997
+2 1997
+1 1997
+1 1997
+1 1997
+1 1997
+1 1997
+1 1997
+1 1997
+2 1997
+1 1997
+2 1997
+2 1997
+2 1997
+1 1997
+1 1997
+1 1997
+1 1997
+1 1997
+1 1997
+1 1997
+2 1997
+1 1997
+2 1997
+1 1997
+1 1997
+1 1997
+1 1997
+1 1997
+1 1997
+1 1997
+2 1997
+1 1997
+2 1997
+3 7
+2 7
+2 7
+2 7
+6 7
+1 7
+1 7
+2 7
+6 7
+1 7

fl=(46)
fn=(216)
26 1
+1 1
+1 1
+1 1
+1 1
+1 1
+1 1
+1 1
+1 1
+1 1
+1 1
+1 1
+1 1
+1 1
+1 1
+1 1
+1 1
+1 1
+1 1
+1 1
+1 1
+1 1
+1 1
+13 1
+1 1
+1 1
+1 1
+7 1
+1 1
+1 1
+1 1
+1 1
+1 1
+1 1

fl=(84) /usr/src/debug/glibc-2.12-2-gc4ccff1/libio/iofclose.c
fn=(432) fclose@@GLIBC_2.2.5
43 3
+14 1
-14 1
+14 2
+3 16
+1 2
fi=(82)
968 2
+1 6
fe=(84)
66 4
cfi=(71)
cfn=(448) _IO_file_finish@@GLIBC_2.2.5
calls=1 205 
* 32
+1 3
+18 6
+2 1
+1 2
cfi=(60)
cfn=(454)
calls=1 3702 
* 114
* 1
+4 5
-10 2
-20 2
cfi=(71)
cfn=(436) _IO_file_close_it@@GLIBC_2.2.5
calls=1 162 
* 100
* 3
-4 1
cfi=(70)
cfn=(434)
calls=1 +6 
* 80
* 2
fi=(82)
969 6
fe=(84)

fl=(91) /usr/src/debug/glibc-2.12-2-gc4ccff1/stdlib/cxa_finalize.c
fn=(576) __cxa_finalize
31 2
+18 1
-18 1
+18 1
-18 5
+4 4
+4 6
-4 3
+32 4
+4 6
-4 3
+12 2
+3 1
-2 1
+2 6
-2 1
cfi=(92)
cfn=(578)
calls=1 -43 
* 15

fl=(54)
fn=(250) __new_exitfn
73 1
+6 1
-6 1
+6 5
+2 5
+2 3
-2 1
+10 1
-10 3
+45 1
+1 1
+3 4
+3 3
-35 2
+14 1
+1 2

fn=(248)
57 2
-22 1
+22 5
-22 1
cfn=(250)
calls=1 +38 
* 35
+2 3
+4 2
+3 1
-1 1
+2 1
+2 2
+12 6

fl=(71)
fn=(402)
1225 2
+2 6
cfi=(80)
cfn=(404)
calls=2 37 
* 20

fn=(530) _IO_file_write@@GLIBC_2.2.5
1261 7
+2 7
-2 42
+2 7
-2 7
+2 14
+11 7
-11 14
+2 14
+3 28
cfi=(72)
cfn=(532)
calls=7 82 
* 49
+1 14
+9 21
+3 42
-6 21

fn=(348)
147 3
+5 1
-1 1
-4 1
+4 1
+3 1
cfi=(70)
cfn=(350)
calls=1 -50 
* 77
+1 1
+1 4

fn=(524)
829 905
+1 181
-1 181
+1 362
+7 1082
+35 362
+3 362
+3 181
+1 181
-1 362
+1 724
+5 181
+1 905
-45 2
+12 3
+9 2
+4 1
+4 1
-1 1
-5 1
+1 1
+4 1
-3 1
+1 1
+3 1
-3 2
+3 3
+1 3
+9 21
+3 7
-1 21
cfn=(528) _IO_do_write@@GLIBC_2.2.5
calls=7 493 
* 637
* 14
-39 2
cfi=(70)
cfn=(398)
calls=1 419 
* 101
+1 6

fn=(598)
445 2
+1 1
cfi=(70)
cfn=(600)
calls=1 562 
* 63
* 2
+4 1
-1 3
+2 3
+3 3

fn=(602)
891 1
+5 1
-5 1
+5 3
+2 1
+1 2
+17 2
+4 2

fn=(352)
257 9
+11 2
415 7
270 3
+25 1
-10 1
+10 1
-10 1
+10 7
-7 2
+7 1
-25 4
+65 1
227 2
+4 3
cfi=(72)
cfn=(354)
calls=1 82 
* 7
* 1
+4 2
+3 1
-1 1
+1 2
+1 2
-1 1
+1 1
+7 2
cfi=(70)
cfn=(350)
calls=1 104 
* 11
+97 3
cfi=(73)
cfn=(358)
calls=1 53 
* 27
* 1
+1 3
-56 2

fn=(396)
537 12
+8 9
+6 9
+3 6
+13 6
+20 6
cfi=(70)
cfn=(410)
calls=3 188 
* 60
+6 3
+5 12
-5 6
+1 3
+1 9
+3 3
cfn=(412) _IO_file_read
calls=3 1200 
* 39
+2 6
+10 2
-3 2
+3 4
+2 4
+1 8
-11 1
+1 1
+10 1
-6 1
+6 3
-56 3
+5 2
cfi=(70)
cfn=(398)
calls=1 419 
* 90
* 2

fn=(528)
493 42
+1 7
-1 14
+1 14
+2 42
+11 21
+7 28
+8 35
cfn=(530)
calls=7 1261 
* 294
+1 7
-1 7
+1 14
+5 7
-2 7
+2 7
-2 21
+1 14
+1 7
-34 7
+34 7
-34 7
+29 14
+5 14

fn=(412)
1200 3
+1 6
+2 3
+1 3
-1 3
cfi=(72)
cfn=(414)
calls=3 82 
* 21

fn=(448)
205 1
+1 1
-1 1
+1 1
+6 2
+1 1
-1 1
cfi=(70)
cfn=(450)
calls=1 687 
* 24

fn=(436)
162 1
+2 1
-2 2
+2 1
-2 1
+2 1
+3 5
+6 2
cfi=(70)
cfn=(438)
calls=1 1118 
* 5
+2 3
cfn=(440) _IO_file_close
calls=1 1252 
* 7
* 1
+4 3
+9 5
cfi=(70)
cfn=(408)
calls=1 404 
* 34
+1 2
+3 1
-3 1
+1 3
+2 1
cfi=(70)
cfn=(434)
calls=1 64 
* 10
+5 1
-4 1
+1 1
+1 1
+2 1
+1 5

fn=(440)
1252 2
cfi=(72)
cfn=(442)
calls=1 82 
* 5

ob=(5)
fl=(50)
fn=(316) Mem_calloc
0 22637408
cob=(3)
cfi=(60)
cfn=(322)
calls=1414838 4050 
0 191808161
cob=(1)
cfi=(51) /usr/src/debug////////glibc-2.12-2-gc4ccff1/elf/../sysdeps/x86_64/dl-trampoline.S
cfn=(240) _dl_runtime_resolve
calls=1 30 
0 1210
0 1414842
0 14148380

fn=(480) UArray_resize
0 320
cfn=(482) Mem_resize
calls=16 0 
0 655911
0 96

fn=(252)
0 15
cob=(2)
cfi=(12)
cfn=(254)
calls=1 0 
0 39
0 10

fn=(506) Mem_free
0 11318704
cob=(3)
cfi=(60)
cfn=(454)
calls=2829676 3702 
0 239473651
cob=(1)
cfi=(51)
cfn=(240)
calls=1 30 
0 1117
0 2829680
0 5659352

fn=(326) UArrayRep_init
0 46689654

fn=(332) UArray_new
0 14148360
cfn=(324) Mem_alloc
calls=1414836 0 
0 162615324
0 11318688
cfn=(316)
calls=1414836 0 
0 230008267
0 7074180
cfn=(326)
calls=1414836 0 
0 46689588
0 9903852

fn=(372) UArray_at
0 5923259747

fn=(504) UArray_free
0 15563218
cfn=(506)
calls=1414838 0 
0 130532246
0 8489028
cfn=(506)
calls=1414838 0 
0 128750258
0 4244514

fn=(262)
0 15

fn=(272)
0 12

fn=(314) Seq_new
0 22
cfn=(316)
calls=2 0 
0 1734
0 18
cfn=(324)
calls=2 0 
0 398
0 10
cfn=(326)
calls=2 0 
0 66
0 10

fn=(382) UArray_length
0 778790068

fn=(478) expand
0 112
cfn=(480)
calls=16 0 
0 656327
0 118
cob=(3)
cfi=(86)
cfn=(494)
calls=7 56 
0 39740
cob=(1)
cfi=(51)
cfn=(240)
calls=1 30 
0 1211
0 11
0 71

fn=(512) Seq_addlo
0 14100464
cfn=(478)
calls=7 0 
0 635870
0 25381029

fn=(330) Seq_addhi
0 422018
cfn=(478)
calls=9 0 
0 61720
0 633000

fn=(482)
0 256
cob=(3)
cfi=(60)
cfn=(488)
calls=16 3753 
0 654383
cob=(1)
cfi=(51)
cfn=(240)
calls=1 30 
0 1092
0 20
0 160

fn=(554) 0x0000000000400ab0
0 8

fn=(378) Seq_length
0 269768471

fn=(380) Seq_remlo
0 33956040

fn=(384) Seq_put
0 79096640

fn=(426) Seq_get
0 2810568237

fn=(548)
0 14
cfn=(554)
calls=1 0 
0 8
0 5

fn=(232) 0x0000000000400a60
0 11
cob=(3)
cfi=(53)
cfn=(246)
calls=1 96 
0 32206390775
cob=(1)
cfi=(51)
cfn=(240)
calls=1 30 
0 1576
0 5

fn=(256)
0 6

fn=(324)
0 15563218
cob=(3)
cfi=(60)
cfn=(292)
calls=1414838 3619 
0 132904124
0 1414838
0 12733542

fn=(538) Seq_free
0 16
cfn=(504)
calls=2 0 
0 415582
0 4

fl=(87) /h/aburgo02/Desktop/comp40/hw7/io.c
fn=(514) output
41 543
+1 362
cfi=(50)
cfn=(372)
calls=181 -42 
* 3439
* 181
+2 362
+1 543
cob=(3)
cfi=(88)
cfn=(520)
calls=181 -10 
* 15491
cob=(1)
cfi=(51)
cfn=(240)
calls=1 -15 
* 1173
* 185
+1 362

fl=(58)
fn=(284)
51 9
+2 2
cfi=(59) /h/aburgo02/Desktop/comp40/hw7/managemem.c
cfn=(286) initialize_memory
calls=1 -5 
* 70553
* 1
+3 3
cfi=(50)
cfn=(332)
calls=1 -56 
* 540
+3 1
+44 2
+2 1
+5 3
cob=(3)
cfi=(69)
cfn=(338)
calls=1 -3 
* 483
cob=(1)
cfi=(51)
cfn=(240)
calls=1 -80 
* 1157
* 5
* 1
fi=(95) /usr/include/sys/stat.h
457 4
cob=(3)
cfi=(75)
cfn=(368)
calls=1 37 
* 10
cob=(1)
cfi=(51)
cfn=(240)
calls=1 30 
* 1220
* 5
fe=(58)
114 2
+7 3
+8 7
cfi=(76) /h/aburgo02/Desktop/comp40/hw7/alu.c
cfn=(370) load_value
calls=1 -67 
* 27
+1 5
cfi=(59)
cfn=(374) map_segment
calls=1 +5 
* 1065851
+5 1
-1 1
-2 2
+7 120440
+1 602200
cfi=(83) /h/aburgo02/Desktop/comp40/hw7/bitpack.c
cfn=(420) Bitpack_newu
calls=120440 -49 
* 8942670
* 120440
+2 240880
+1 120440
cfi=(76)
cfn=(370)
calls=30110 -81 
* 812970
+1 90330
cfi=(50)
cfn=(372)
calls=30110 0 
* 572090
+1 60220
+1 180660
cfi=(59)
cfn=(424) segmented_store
calls=30110 -32 
* 4847710
-1 30110
+2 30110
-10 60220
cob=(3)
cfi=(78)
cfn=(390)
calls=30110 37 
* 1174507
* 30110
* 180662
cob=(3)
cfi=(78)
cfn=(390)
calls=90331 37 
* 3523117
cob=(1)
cfi=(51)
cfn=(240)
calls=1 30 
* 1176
* 90335
* 240882
+13 2
cob=(3)
cfi=(84)
cfn=(432)
calls=1 43 
* 397
cob=(1)
cfi=(51)
cfn=(240)
calls=1 30 
* 1202
* 5
-56 2
+1 24
cfi=(50)
cfn=(372)
calls=8 -95 
* 152
+1 8
-2 24
cfi=(50)
cfn=(382)
calls=8 -94 
* 56
* 2
cfi=(50)
cfn=(382)
calls=1 -94 
* 7
* 18
-27 3
cfi=(59)
cfn=(458) fetch_instruction
calls=1 +14 
* 71
* 1
+1 2
cob=(3)
cfi=(60)
cfn=(292)
calls=1 3619 
* 267
* 1
* 1
+1 3
cfi=(85) /h/aburgo02/Desktop/comp40/hw7/decoder.c
cfn=(460) decode
calls=1 -39 
* 151
+5 5
+90 340282084
+2 13732095
cfi=(76)
cfn=(474) cond_move
calls=2746419 5 
* 235623656
* 2746419
+4 116767824
cfi=(59)
cfn=(468) segmented_load
calls=19461304 -75 
* 2899734296
* 19461304
+4 97204488
cfi=(59)
cfn=(424)
calls=16200748 -60 
* 2608320428
* 16200748
+4 15705200
cfi=(76)
cfn=(472) addition
calls=3141040 18 
* 266988400
* 3141040
+4 524575
cfi=(76)
cfn=(476) multiply
calls=104915 28 
* 8917775
* 104915
+4 851680
cfi=(76)
cfn=(500) division
calls=170336 51 
* 15159904
* 170336
+4 21479450
cfi=(76)
cfn=(470) nand
calls=4295890 40 
* 369446540
* 4295890
+5 7074170
cfi=(59)
cfn=(374)
calls=1414834 -60 
* 994562021
* 1414834
+3 5640180
cfi=(59)
cfn=(502) unmap_segment
calls=1410045 -26 
* 481462689
* 1410045
+3 543
cfi=(87)
cfn=(514)
calls=181 41 
* 22641
* 362
+6 21426654
cfi=(59)
cfn=(466) load_program
calls=3571109 -13 
* 232122085
* 3571109
+4 130214800
cfi=(76)
cfn=(370)
calls=32553700 62 
* 878949900
+4 170141042
+1 81499412
78 244498236
cfi=(59)
cfn=(458)
calls=81499412 +3 
* 5786458252
* 10713327
cfi=(59)
cfn=(458)
calls=3571109 +3 
* 253548739
+3 255211563
cfi=(85)
cfn=(460)
calls=85070521 -51 
* 15137287629
-7 425352605
+10 2
cob=(3)
cfi=(60)
cfn=(454)
calls=1 3702 
* 84
* 1
* 1
+72 2
cfi=(50)
cfn=(504)
calls=1 0 
* 202
+1 2
cfi=(59)
cfn=(536) free_memory
calls=1 +78 
* 3731773
-68 9

fl=(59)
fn=(374)
135 14148350
+1 2829670
cfi=(50)
cfn=(372)
calls=1414835 0 
* 26881865
+3 4244505
cfi=(50)
cfn=(332)
calls=1414835 0 
* 481757719
* 1414835
+1 2829670
+2 2829670
cfi=(50)
cfn=(378)
calls=1414835 0 
* 9903845
* 2829670
+1 420
cfi=(50)
cfn=(378)
calls=210 0 
* 1470
+1 630
cfn=(328) addSequenceIndices
calls=210 -78 
* 1345048
+2 2829670
cfi=(50)
cfn=(380)
calls=1414835 0 
* 33956040
* 1414835
+16 2829670
+1 25618500
cfi=(50)
cfn=(372)
calls=8539500 0 
* 162250500
+1 8539500
-2 25618500
cfi=(50)
cfn=(382)
calls=8539500 0 
* 59776500
* 2829670
cfi=(50)
cfn=(382)
calls=1414835 0 
* 9903845
* 19908670
-12 5659340
cfi=(50)
cfn=(384)
calls=1414835 0 
* 39615380
+3 4244505
cfi=(50)
cfn=(372)
calls=1414835 0 
* 26881865
+1 1414835
+3 11318680

fn=(536)
235 4
+5 2
+1 63300
cfi=(50)
cfn=(426)
calls=21100 0 
* 485300
* 42200
+1 14370
cfi=(50)
cfn=(426)
calls=4790 0 
* 110170
* 4790
+1 9580
cfi=(50)
cfn=(504)
calls=4790 0 
* 2333149
-3 63300
cfi=(50)
cfn=(378)
calls=21100 0 
* 147700
* 2
cfi=(50)
cfn=(378)
calls=1 0 
* 7
* 42202
+9 2
cfi=(50)
cfn=(538)
calls=1 0 
* 170
+1 2
cfi=(50)
cfn=(538)
calls=1 0 
* 415432
+2 2
cob=(3)
cfi=(60)
cfn=(454)
calls=1 3702 
* 84
* 1
+1 4

fn=(502)
172 8460270
+3 2820090
cfi=(50)
cfn=(372)
calls=1410045 0 
* 26790855
* 1410045
+2 2820090
cfi=(50)
cfn=(378)
calls=1410045 0 
* 9870315
* 5640180
+2 4230135
cfi=(50)
cfn=(426)
calls=1410045 0 
* 32431035
* 1410045
+1 2820090
+2 2820090
cfi=(50)
cfn=(504)
calls=1410045 0 
* 284830331
+2 5640180
cfi=(50)
cfn=(384)
calls=1410045 0 
* 39481260
+2 4230135
cfi=(50)
cfn=(512)
calls=1410045 0 
* 40117363
+1 5640180

fn=(466)
194 35711090
+1 7142218
cfi=(50)
cfn=(372)
calls=3571109 0 
* 67851071
+1 7142218
+2 10713327
cfi=(50)
cfn=(372)
calls=3571109 0 
* 67851071
* 3571109
+2 7142218
+15 24997763

fn=(328)
66 1266
+4 633
cfi=(50)
cfn=(330)
calls=211 -70 
* 64967
* 62667
cfi=(50)
cfn=(330)
calls=20889 -70 
* 522225
-1 42411
+5 633
cfi=(50)
cfn=(330)
calls=211 -74 
* 5275
* 62667
cfi=(50)
cfn=(330)
calls=20889 -74 
* 524271
+1 21100
-2 42200
+4 844

fn=(468)
95 175151736
+1 58383912
cfi=(50)
cfn=(372)
calls=19461304 -96 
* 369764776
* 19461304
+1 58383912
cfi=(50)
cfn=(372)
calls=19461304 -97 
* 369764776
* 19461304
+1 58383912
cfi=(50)
cfn=(372)
calls=19461304 -98 
* 369764776
* 19461304
+2 58383912
cfi=(50)
cfn=(378)
calls=19461304 0 
* 136229128
* 38922608
+2 58383912
cfi=(50)
cfn=(426)
calls=19461304 0 
* 447609992
* 19461304
+2 38922608
+2 58383912
cfi=(50)
cfn=(372)
calls=19461304 0 
* 369764776
+2 38922608
+1 116767824

fn=(286)
48 1
+2 2
cob=(3)
cfi=(60)
cfn=(292)
calls=1 3619 
* 60973
cob=(1)
cfi=(51)
cfn=(240)
calls=1 -20 
* 1186
* 5
* 1
+1 2
cfi=(50)
cfn=(314)
calls=1 -51 
* 1736
* 1
+1 2
+2 2
cfi=(50)
cfn=(314)
calls=1 -54 
* 522
* 1
+1 2
+2 3
cfn=(328)
calls=1 +9 
* 6111
+4 3

fn=(424)
114 146077722
+1 48692574
cfi=(50)
cfn=(372)
calls=16230858 0 
* 308386302
* 16230858
+1 48692574
cfi=(50)
cfn=(372)
calls=16230858 0 
* 308386302
* 16230858
+1 48692574
cfi=(50)
cfn=(372)
calls=16230858 0 
* 308386302
* 16230858
+2 48692574
cfi=(50)
cfn=(378)
calls=16230858 0 
* 113616006
* 32461716
+2 48692574
cfi=(50)
cfn=(426)
calls=16230858 0 
* 373309734
* 16230858
+2 32461716
+1 48692574
cfi=(50)
cfn=(382)
calls=16230858 0 
* 113616006
* 32461716
+1 48692574
cfi=(50)
cfn=(372)
calls=16230858 0 
* 308386302
+2 32461716
+1 97385148

fn=(458)
81 425352610
+1 255211566
cfi=(50)
cfn=(426)
calls=85070522 -82 
* 1956622006
* 85070522
+1 255211566
cfi=(50)
cfn=(382)
calls=85070522 -83 
* 595493654
* 170141044
+2 255211566
cfi=(50)
cfn=(372)
calls=85070522 -85 
* 1616339918
+4 85070522
+1 340282088

fl=(85)
fn=(464) check_registers
99 262584105
+2 105033642
+1 105033642
+4 102213190
+1 102213190
+3 92241304
+2 210067284

fn=(460)
30 340282088
+1 425352610
cfi=(83)
cfn=(462) Bitpack_getu
calls=85070522 +50 
* 3062538792
* 85070522
+1 170141044
+2 85070522
+2 170141044
+15 77899740
+2 1
+1 1
+1 2
+2 155799476
+3 4985943
+1 19943772
cfi=(83)
cfn=(462)
calls=4985943 +20 
* 179493948
* 4985943
+1 19943772
cfi=(83)
cfn=(462)
calls=4985943 +19 
* 179493948
* 4985943
+1 14957829
cfn=(464)
calls=4985943 +36 
* 84761031
* 4985943
+2 101891778
+5 1410226
+1 1410226
+1 5640904
cfi=(83)
cfn=(462)
calls=1410226 +9 
* 50768136
* 1410226
+2 4230678
cfn=(464)
calls=1410226 +25 
* 18332938
* 1410226
+2 65107400
+1 130214800
cfi=(83)
cfn=(462)
calls=32553700 +4 
* 1171933200
* 32553700
+1 65107400
+2 130214800
cfi=(83)
cfn=(462)
calls=32553700 +1 
* 1171933200
* 65107400
+7 184482608
cfi=(83)
cfn=(462)
calls=46120652 -6 
* 1660343472
* 46120652
+1 184482608
cfi=(83)
cfn=(462)
calls=46120652 -7 
* 1660343472
* 46120652
+1 184482608
cfi=(83)
cfn=(462)
calls=46120652 -8 
* 1660343472
* 46120652
+1 138361956
cfn=(464)
calls=46120652 +9 
* 876292388
-48 340282088

fl=(76)
fn=(472)
18 25128320
+1 9423120
cfi=(50)
cfn=(372)
calls=3141040 -19 
* 59679760
* 3141040
+1 9423120
cfi=(50)
cfn=(372)
calls=3141040 -20 
* 59679760
* 3141040
+1 9423120
cfi=(50)
cfn=(372)
calls=3141040 -21 
* 59679760
+2 6282080
+1 3141040
+2 18846240

fn=(500)
51 1362688
+1 511008
cfi=(50)
cfn=(372)
calls=170336 -52 
* 3236384
* 170336
+1 511008
cfi=(50)
cfn=(372)
calls=170336 -53 
* 3236384
* 170336
+1 511008
cfi=(50)
cfn=(372)
calls=170336 -54 
* 3236384
* 170336
+2 340672
+1 511008
+1 170336
+1 1022016

fn=(476)
28 839320
+1 314745
cfi=(50)
cfn=(372)
calls=104915 -29 
* 1993385
* 104915
+1 314745
cfi=(50)
cfn=(372)
calls=104915 -30 
* 1993385
* 104915
+1 314745
cfi=(50)
cfn=(372)
calls=104915 -31 
* 1993385
+2 209830
+1 104915
+3 629490

fn=(474)
5 21971352
+1 8239257
cfi=(50)
cfn=(372)
calls=2746419 -6 
* 52181961
* 2746419
+1 8239257
cfi=(50)
cfn=(372)
calls=2746419 -7 
* 52181961
* 2746419
+1 8239257
cfi=(50)
cfn=(372)
calls=2746419 -8 
* 52181961
+2 5492838
+1 4924460
+4 16478514

fn=(370)
62 65167622
+1 97751433
cfi=(50)
cfn=(372)
calls=32583811 -63 
* 619092409
+1 32583811
+1 65167622

fn=(470)
40 34367120
+1 12887670
cfi=(50)
cfn=(372)
calls=4295890 -41 
* 81621910
* 4295890
+1 12887670
cfi=(50)
cfn=(372)
calls=4295890 -42 
* 81621910
* 4295890
+1 12887670
cfi=(50)
cfn=(372)
calls=4295890 -43 
* 81621910
+2 17183560
+3 25775340

fl=(83)
fn=(422) Bitpack_fitsu
62 481760
+2 120440
-1 361320
-33 240880
+4 602200
+32 240880
+1 481760

fn=(462)
81 2099453930
+1 299921990
+1 599843980
+2 1499609950
-67 599843980
+4 1799531940
+8 599843980
+4 1499609950
+52 1799531940

fn=(420)
91 1083960
+1 120440
+1 240880
+1 361320
cfn=(422)
calls=120440 -32 
* 2529240
* 240880
-64 240880
-10 120440
+11 240880
+3 361320
-16 240880
+79 240880
-79 240880
+14 120440
-13 240880
+3 180660
+8 180660
-8 361320
+12 270990
+64 270990
-1 90330
-1 90330
+3 541980
-1 90330
-1 30110
-1 30110
+3 180660

ob=(1)
fl=(2)
fn=(2) _dl_start
365 9
+18 4
fi=(7) /usr/src/debug/glibc-2.12-2-gc4ccff1/elf/../sysdeps/x86_64/dl-machine.h
76 2
fe=(2)
383 1
+29 2
-3 1
fi=(3) /usr/src/debug/glibc-2.12-2-gc4ccff1/elf/dynamic-link.h
119 1
fe=(2)
412 1
fi=(3)
119 2
+3 1
+4 1
+5 1
+3 1
+1 1
-3 1
-5 2
-5 14
+15 14
-18 42
+18 3
-18 9
+2 44
+5 32
+1 15
+10 5
-18 16
+25 2
fe=(2)
547 1
288 68
+12 2
cfi=(4) /usr/src/debug/glibc-2.12-2-gc4ccff1/elf/dl-lookup.c
cfn=(6) _dl_setup_hash
calls=1 873 
* 24
+1 1
+1 1
+1 1
-2 1
+3 1
-2 1
+1 1
+1 1
+21 1
+10 1
-10 3
+10 1
-6 1
-4 1
+10 1
cfi=(5) /usr/src/debug/glibc-2.12-2-gc4ccff1/elf/../elf/dl-sysdep.c
cfn=(8) _dl_sysdep_start
calls=1 89 
* 133441
* 1
+9 1
+7 1
-4 1
+4 1
572 9
fi=(3)
128 12
+3 12
+1 8
+2 4
+1 4
fe=(2)
540 2

fn=(76) _dl_initial_error_catch_tsd
796 8

fn=(132) version_check_doit
660 2
+3 4
cfi=(33) /usr/src/debug/glibc-2.12-2-gc4ccff1/elf/dl-version.c
cfn=(134) _dl_check_all_versions
calls=1 387 
* 2246
-1 2
+4 2

fn=(18) dl_main
888 1
+19 1
-19 5
+22 1
-22 2
+32 1
-32 4
+27 1
-1 1
+6 1
+3 1
-16 1
+3 1
+4 1
+1 1
+8 1
cfn=(20) process_envvars
calls=1 2532 
* 604
+7 3
1109 5
+9 1
-9 2
cfi=(11) /usr/src/debug/glibc-2.12-2-gc4ccff1/elf/dl-object.c
cfn=(24) _dl_new_object
calls=1 62 
* 250
+4 1
-4 1
+3 1
+6 2
-5 1
+1 2
+4 1
cfi=(11)
cfn=(40) _dl_add_to_namespace_list
calls=1 33 
* 31
* 1
+30 1
-3 1
+3 1
-8 1
+1 1
+2 1
+5 5
+1 24
-1 24
+1 39
+91 2
+1 1
-88 3
+1 1
+49 2
+1 2
-1 8
+2 4
+1 2
+3 2
+1 2
-1 2
+1 2
+1 2
+1 6
+1 2
-43 1
-3 2
+3 1
+7 2
-10 1
+10 1
+68 2
-87 3
+1 1
+92 3
+3 2
+2 2
+2 3
+13 3
+1 6
cfi=(15) /usr/src/debug////////glibc-2.12-2-gc4ccff1/string/../sysdeps/x86_64/strcmp.S
cfn=(46) strcmp
calls=1 135 
* 7
-1 2
+12 2
-4 1
-2 1
+3 1
+3 1
+6 2
fi=(3)
104 1
+9 2
+6 1
-2 1
+2 2
+7 1
+5 1
+3 1
+1 1
-3 1
-5 2
-1 12
+1 9
+10 3
-18 9
+2 38
+8 16
+8 16
-18 48
+25 3
+67 3
+14 3
+7 2
fe=(2)
1294 2
cfi=(4)
cfn=(6)
calls=1 873 
* 14
+3 2
+20 4
+92 1
cfi=(16) /usr/src/debug/glibc-2.12-2-gc4ccff1/elf/../sysdeps/unix/sysv/linux/dl-sysdep.c
cfn=(50) _dl_discover_osversion
calls=1 67 
* 92
* 8
+5 2
cfi=(18) /usr/src/debug/glibc-2.12-2-gc4ccff1/elf/dl-load.c
cfn=(54) _dl_init_paths
calls=1 633 
* 1962
+3 3
cfi=(20) /usr/src/debug/glibc-2.12-2-gc4ccff1/elf/dl-debug.c
cfn=(66) _dl_debug_initialize
calls=1 52 
* 23
+7 1
-7 1
+2 1
+5 1
+4 1
+3 1
-2 1
+3 1
-2 1
-2 2
+9 1
-9 1
+1 1
+8 1
+5 1
+4 1
-3 2
+3 1
+4 1
-5 1
+5 2
+1 2
+1 1
-1 2
+1 3
+2 2
+1 2
+5 2
+5 4
1642 1
cfi=(21) /usr/src/debug/glibc-2.12-2-gc4ccff1/elf/dl-tls.c
cfn=(68) _dl_count_modids
calls=1 116 
* 5
* 1
+8 3
+3 2
+4 3
+5 2
+1 1
cfi=(20)
cfn=(70) _dl_debug_state
calls=1 77 
* 1
+1 1
+4 3
+19 4
+31 3
cfi=(25) /usr/src/debug////////glibc-2.12-2-gc4ccff1/io/../sysdeps/unix/syscall-template.S
cfn=(108) access
calls=1 82 
* 11
* 2
+77 5
+17 1
+1 2
-1 1
+1 2
-1 1
+1 3
cfi=(29) /usr/src/debug/glibc-2.12-2-gc4ccff1/elf/dl-deps.c
cfn=(110) _dl_map_object_deps
calls=1 149 
* 7331
+1 1
+2 5
+3 1
-3 2
+3 1
-3 1
+3 1
-3 1
+3 1
+1 5
-1 2
+1 12
-1 7
+4 3
+1 3
+1 1
+2 2
+1 17
-1 6
+1 2
+13 1
-1 2
+1 1
+2 4
+5 1
-5 1
+4 2
+12 1
+3 1
+1 1
-1 1
+1 3
+11 2
+2 3
-2 2
+1 4
+1 1
cfi=(22) /usr/src/debug/glibc-2.12-2-gc4ccff1/elf/dl-error.c
cfn=(130) _dl_receive_error
calls=1 198 
* 2286
+10 1
+1 1
-1 1
+1 1
+3 2
851 1
fi=(34) /usr/src/debug/glibc-2.12-2-gc4ccff1/elf/../sysdeps/unix/sysv/linux/dl-osinfo.h
70 2
+48 2
fe=(2)
853 1
+6 2
fi=(34)
127 2
+11 2
fe=(2)
864 1
+2 1
+6 1
1895 2
2121 3
+56 2
+4 4
+4 2
+48 2
+7 1
-7 1
+7 1
+3 17
+3 3
+6 2
+2 2
-2 6
+2 6
+7 4
-2 4
+2 8
+1 21
cfi=(35) /usr/src/debug/glibc-2.12-2-gc4ccff1/elf/dl-reloc.c
cfn=(148) _dl_relocate_object
calls=3 158 
* 105990
+4 10
+1 2
cfi=(21)
cfn=(170) _dl_add_to_slotinfo
calls=1 843 
* 24
+2 4
+2 8
+1 1
+2 7
+6 1
-6 1
+6 1
+9 4
+2 1
+5 2
cfi=(21)
cfn=(172) _dl_allocate_tls_init
calls=1 402 
* 128
+4 2
+11 4
+29 1
cfi=(5)
cfn=(174) _dl_sysdep_start_cleanup
calls=1 252 
* 1
+4 3
+20 3
cfi=(20)
cfn=(66)
calls=1 52 
* 9
+1 1
-1 1
+2 1
cfi=(20)
cfn=(70)
calls=1 77 
* 1
+1 1
+4 1
cfi=(31) /usr/src/debug/glibc-2.12-2-gc4ccff1/elf/dl-cache.c
cfn=(176) _dl_unload_cache
calls=1 303 
* 15
+5 8
-50 1
+2 1
+1 1
-3 1
+3 3
-3 1
+3 1
cfi=(35)
cfn=(148)
calls=1 158 
* 8971
+1 1
+2 10
1438 4
-11 4
1799 9
+4 3
+1 1
+1 3
2256 1
+1 1
-3 2
1694 78
cfi=(14) /usr/src/debug////////glibc-2.12-2-gc4ccff1/string/../sysdeps/x86_64/memcpy.S
cfn=(38) memcpy
calls=1 56 
* 71
* 1
+3 4
+3 3
cfi=(13) /usr/src/debug/glibc-2.12-2-gc4ccff1/elf/dl-minimal.c
cfn=(64) strsep
calls=1 325 
* 1266
* 3
cfi=(13)
cfn=(64)
calls=1 325 
* 4
* 6
+1 4
+3 4
cfn=(72) do_preload
calls=1 802 
* 2271
* 2
+2 1
+2 12
1888 1
cfn=(140) init_tls
calls=1 782 
* 605
* 2

fn=(20)
2532 1
+8 2
-8 4
+23 1
-23 4
+8 1
-8 1
+8 2
-7 1
+6 2
fi=(96) /usr/src/debug/glibc-2.12-2-gc4ccff1/elf/../sysdeps/unix/sysv/linux/dl-librecon.h
32 1
fe=(2)
2539 1
-6 1
fi=(96)
32 2
fe=(2)
2542 2
cfi=(10) /usr/src/debug/glibc-2.12-2-gc4ccff1/elf/dl-environ.c
cfn=(22) _dl_next_ld_env_entry
calls=1 31 
* 28
* 4
cfi=(10)
cfn=(22)
calls=2 31 
* 348
* 9
+4 6
-4 2
+4 38
+1 19
-1 57
+9 12
2704 1
-4 1
+4 1
-4 1
+4 1
+30 2
+21 8
2629 17
-53 5
+7 12
+2 2
+1 1
+45 2
+1 1

fn=(72)
802 6
+6 1
+1 1
+5 5
-10 1
+6 1
+2 1
+2 1
cfi=(22)
cfn=(74) _dl_catch_error
calls=1 160 
* 2244
+1 2
+2 3
+12 5

fn=(80) map_doit
628 2
+2 7
cfi=(18)
cfn=(82) _dl_map_object
calls=1 1984 
* 2175
* 1
+2 2

fn=(140)
782 1
-56 1
-4 1
-2 1
+2 1
+4 1
+60 3
-54 1
+3 4
cfi=(13)
cfn=(28) calloc
calls=1 111 
* 64
* 1
+14 1
-14 1
+7 1
+1 1
+6 3
+2 8
+4 1
+2 1
-2 2
-5 1
-1 2
+1 3
-1 6
+13 1
cfi=(21)
cfn=(142) _dl_determine_tlsoffset
calls=1 138 
* 55
+7 1
cfi=(21)
cfn=(144) _dl_allocate_tls_storage
calls=1 354 
* 424
+1 1
-1 1
+1 1
+6 1
+4 1
-4 1
+4 6
+3 1
+2 1

fn=(42)
836 5
+1 5

fn=(44)
842 5
+1 5

fl=(28) /usr/src/debug////////glibc-2.12-2-gc4ccff1/string/../sysdeps/x86_64/memset.S
fn=(102) memset
44 9
+1 9
+1 9
+4 9
+1 9
+1 9
+1 9
+2 9
+1 9
+2 8
+5 8
+1 8
+1 8
+1 8
+1 8
329 1
+1 1
+1 1
+1 1
+1 1
+1 1
+1 1
+1 1
+1 1
+1 1
+1 1
+1 1
-8 1
+1 1
+1 1
+1 1
+1 1
+1 1
+1 1
+1 1
+1 1
-2 3
+1 3
+1 3
-1 2
+1 2
+76 2
+1 2
+87 1
+1 1
+1 1
+1 1
+1 1
+1 1
+1 1
+5 1
+1 1
+1 1
+1 1
+1 1
+36 1
+1 1
+37 1
1214 1
+1 2
+4 1
+1 1
+1 2
+5 1
+2 1
+1 1
+1 1
+1 1
+1 1
+1 1
+1 1
+1 1
+1 1
+1 1
+1 1
+1 1
+1 1
+1 1
+1 1
+1 1
+2 1
+2 1
-21 3
+2 3
+1 3
+1 3
+1 3
+1 3
+1 3
+1 3
+1 3
+1 3
+1 3
+1 3
+1 3
+1 3
+1 3
+1 3
+1 3
+2 3
+2 3
+3 1
+1 1
+6 1
+1 1
+1 1
+1 1
+1 1

fl=(30) /usr/src/debug/glibc-2.12-2-gc4ccff1/io/../sysdeps/unix/sysv/linux/wordsize-64/xstat.c
fn=(116) _xstat
37 8
-1 8
+1 8
+1 48
+4 2
-4 24

fl=(19) /usr/src/debug////////glibc-2.12-2-gc4ccff1/string/../sysdeps/x86_64/strchr.S
fn=(60) index
26 6
+1 6
+1 6
+1 6
+1 6
+1 6
+1 6
+1 6
+1 6
+1 6
+1 6
+1 6
+1 6
+1 6
+1 6
+1 6
+1 6
+1 6
+1 6
+1 6
+1 6
+2 10
+1 10
+1 10
+1 10
+1 10
+1 10
+1 10
+1 10
+1 10
+2 6
+1 6
+1 1
+1 1
+1 1
+1 1
+1 5
+1 6

fl=(90)
fn=(544) _dl_sort_fini
34 9
+2 1
-2 3
+2 1
+5 1
+1 1
-1 2
+1 1
+1 1
-1 5
+1 3
cfi=(28)
cfn=(102)
calls=1 +1 
* 18
+15 4
+24 4
+38 4
+3 16
cfi=(28)
cfn=(102)
calls=2 -79 
* 34
* 4
-80 2
+4 2
+1 2
-1 2
+1 2
+4 6
-5 1
+1 1
-1 1
+1 1
+4 9
+6 3
+1 8
+2 8
+1 4
-1 4
+1 4
+3 6
-1 9
+31 9
+21 3
-57 6
+61 8
+3 1
+4 8

fn=(542)
133 11
+22 9
+3 2
cfi=(2)
cfn=(42)
calls=1 836 
* 2
+3 1
+3 2
+2 5
-2 2
+13 5
+16 4
+2 8
+4 8
+1 4
+5 4
-4 4
-2 4
-6 13
+19 4
cfn=(544)
calls=1 34 
* 222
+9 2
cfi=(2)
cfn=(44)
calls=1 842 
* 2
+4 6
+2 2
+2 3
-2 6
+2 9
+3 8
+3 12
+4 2
+7 6
+4 4
+2 3
+1 4
+1 4
cob=(3)
cfi=(47)
cfn=(592)
calls=1 19 
* 6
-1 4
+5 9
+1 6
cob=(2)
cfi=(12)
cfn=(562)
calls=1 0 
* 1187
cob=(2)
cfi=(12)
cfn=(546)
calls=1 0 
* 31
+5 20
-39 4
+55 4
-55 12
-70 2
+70 1
-70 1
285 6
+6 2
+7 8
-63 6
+4 4
-60 2
+3 8

fl=(11)
fn=(24)
62 27
+2 3
-2 12
+2 3
cfi=(8) /usr/src/debug////////glibc-2.12-2-gc4ccff1/string/../sysdeps/x86_64/rtld-strlen.S
cfn=(14) strlen
calls=3 -35 
* 136
+6 3
-6 3
+7 6
+6 12
cfi=(13)
cfn=(28)
calls=3 +34 
* 148
* 3
+3 3
-3 3
+3 6
+4 3
+5 3
-6 3
+4 3
+2 3
-5 3
+3 3
+2 6
cfi=(14)
cfn=(38)
calls=3 -33 
* 101
+2 3
-2 3
+5 3
-1 3
-2 3
+3 12
+3 3
-3 3
+3 3
+9 3
-7 3
+4 3
+3 3
-46 5
+48 2
-2 2
+2 30
-2 30
+18 6
-6 3
+6 3
-5 3
+5 3
-6 3
+6 12
+2 8
+3 7
+4 6
+4 12
+8 1
+6 1
-3 2
+3 4
-3 4
+3 4
+2 4
cfi=(8)
cfn=(14)
calls=2 29 
* 128
* 2
+4 2
-4 2
+4 2
+64 2
+7 27
70 6
+1 24
+66 4
-39 6
223 6
-86 1
-4 1
+4 2
+24 4
cfi=(13)
cfn=(32) malloc
calls=2 -66 
* 58
* 2
+1 2
-1 2
+1 6
+45 6
cfi=(14)
cfn=(58) mempcpy
calls=2 56 
* 84
* 2
+6 80
-1 40
+1 42
-1 2
+1 2
+2 4
+3 4

fn=(40)
33 12
+2 3
-2 3
+2 3
cfi=(2)
cfn=(42)
calls=3 836 
* 6
+2 20
+3 20
+2 2
+2 2
+4 2
+4 2
-4 4
+1 4
+3 2
-2 2
+3 6
-1 2
cfi=(2)
cfn=(44)
calls=2 842 
* 4
-4 1
+4 1
-4 2
+1 2
+3 1
-2 1
+3 3
-1 1
cfi=(2)
cfn=(44)
calls=1 842 
* 2
-5 2

fl=(1) ???
fn=(0) 0x0000003dfaa00b00
0 2
cfi=(2)
cfn=(2)
calls=1 365 
0 133836
0 14
cfi=(40) /usr/src/debug/glibc-2.12-2-gc4ccff1/elf/dl-init.c
cfn=(182) _dl_init
calls=1 93 
0 2313
0 3
cob=(5)
cfi=(50)
cfn=(232)
calls=1 0 
0 32206392367

fl=(25)
fn=(106) close
82 12
+1 3

fn=(90) open
82 44
+1 11
+1 48

fn=(108)
82 4
+1 1
+1 6

fn=(92) read
82 8
+1 2

fl=(40)
fn=(182)
93 11
+5 1
-4 1
+1 1
+3 2
+7 2
+27 2
+1 10
+1 4
-1 4
+1 8
-97 12
+9 3
-3 6
+3 9
+5 6
+5 2
+8 2
+6 6
cob=(3)
cfi=(42)
cfn=(208)
calls=1 -18 
* 2135
+4 1
+1 2
+65 8
-89 2
-5 4
-9 3
+9 1
-3 2
+3 3
+5 3
+5 2
+8 2
+6 7
cob=(2)
cfi=(12)
cfn=(184)
calls=1 -70 
* 40
* 1
+4 1
+1 2
+26 2

fl=(8)
fn=(14)
29 12
+1 12
+1 12
+1 12
+2 5
+1 5
+2 5
+1 5
-1 6
+1 6
+1 10
+1 10
+1 10
+2 22
+5 11
+1 11
+1 11
+1 11
+3 11
-6 6
+1 6
+1 6
+1 6
+3 6
+1 13
+1 13
+1 13
+2 13
+3 13
+1 13
+1 13
+1 13
+3 13
+1 12
+1 12
+1 12
+2 12
+3 8
+1 8
+1 8
+1 8
+3 8
+1 7
+1 7
+1 7
+2 7
+3 7
+1 7
+1 7
+1 7
+3 7
+1 7
+1 7
+1 7
+2 8
+3 1
+2 1
+1 1
-3 10
+2 10
+1 10
+1 9
+2 9
+1 9
+1 7
+2 7
+1 7
+1 4
+2 4
+1 4
+1 3
+2 3
+2 3
+1 3
+1 1
+2 1
+1 1
+1 1
+2 1
+1 1
+3 12
+1 12

fl=(10)
fn=(22)
31 3
+3 11
+2 114
+11 55
-13 166
+17 1
-15 18
+6 2
-3 2
+3 2
+2 2

fl=(26) /usr/src/debug/glibc-2.12-2-gc4ccff1/io/../sysdeps/unix/sysv/linux/wordsize-64/fxstat.c
fn=(96) _fxstat
37 3
-1 3
+1 3
+1 18
+4 3

fl=(52) /usr/src/debug/glibc-2.12-2-gc4ccff1/elf/../elf/dl-runtime.c
fn=(242) _dl_fixup
73 12
+6 24
-6 12
+6 12
-6 36
+6 12
+1 12
-4 12
+5 12
-2 12
-3 12
+4 12
+1 12
-1 48
+10 24
+4 36
+5 66
+1 33
+8 48
+7 24
+3 120
cfi=(4)
cfn=(154) _dl_lookup_symbol_x
calls=12 724 
* 13198
* 12
+4 36
+4 48
+6 84
+8 12
+7 48
+4 36
fi=(7)
+85 12
fe=(52)
-81 72
-55 2

fl=(14)
fn=(58)
56 25
+4 25
+3 25
+1 25
+2 11
+1 11
+2 11
+1 11
+5 11
+1 11
-1 14
+1 14
+2 17
+1 17
+2 17
+1 17
+5 17
+1 17
-1 8
+1 8
+2 9
+1 9
+2 9
+1 9
+5 9
+1 9
-1 16
+1 16
+2 14
+1 14
+2 14
+1 28
+5 14
+1 14
-1 11
+1 13
+5 2
+1 2
+1 2
+1 2
+2 2
+2 2
+1 2
+2 2
+6 25
+4 25
+12 1
+2 1
+1 1
+26 1
+1 1
+3 1
+1 1
+1 1
+5 1
+2 1
+1 1
+1 1
+1 1
+2 1
+1 1
+1 1
+1 1
+2 1
+1 1
+2 1
+2 1
+2 1
+1 1
+1 1
+1 1
+2 1
+1 1
+1 1
+1 1
+2 1
+1 1
+2 2
+5 1
+2 1

fn=(38)
56 15
+2 15
+2 15
+3 14
+1 14
+2 5
+1 5
+2 5
+1 5
+5 5
+1 5
-1 9
+1 9
+2 3
+1 3
+2 3
+1 6
+5 3
+1 3
-1 11
+1 11
+2 1
+1 1
+2 1
+1 1
+5 1
+1 1
-1 13
+1 13
+2 7
+1 7
+2 7
+1 7
+5 7
+1 7
-1 7
+1 11
+5 4
+1 4
+1 4
+1 4
+2 4
+2 4
+1 4
+2 4
+8 14
+8 4
+6 4
+2 4
+1 4
+3 1
+1 2
+5 1
+1 1
+2 1
+2 1
+1 1
+2 1
-8 1
+1 1
+2 1
+2 1
+1 1
+2 2
+9 1
+1 1
-1 3
+1 3
+3 4
+1 4
+1 4
+5 4
+2 4
+1 4
+1 4
+1 4
+2 4
+1 4
+1 4
+1 4
+2 4
+1 4
+2 4
+2 3
+2 3
+1 3
+1 3
+1 3
+2 3
+1 3
+1 3
+1 3
+2 3
+1 3
+2 6
+5 3
+6 3
+1 3
-7 1
+6 1
+1 1
+2 1

fl=(33)
fn=(136) _dl_check_map_versions
180 36
+15 4
-15 8
+15 8
+2 4
+3 4
-3 4
+2 4
+1 4
+2 4
-3 4
+3 4
+3 6
+4 2
-4 2
+4 4
+10 8
+7 2
62 2
226 4
62 16
+1 5
-1 10
+2 21
cfi=(24) /usr/src/debug/glibc-2.12-2-gc4ccff1/elf/dl-misc.c
cfn=(84) _dl_name_match_p
calls=7 301 
* 496
* 14
234 6
+5 8
+20 2
-16 32
cfn=(138) match_symbol
calls=1 82 
* 138
* 12
cfn=(138)
calls=2 82 
* 312
* 15
+11 9
+9 8
69 2
277 8
+3 8
+10 40
-10 80
+6 60
-6 8
+6 6
+8 8
+87 36
-81 3
-1 9
cfi=(13)
cfn=(28)
calls=3 111 
* 117
* 3
+2 3
-2 3
+2 3
+11 3
+2 3
-5 3
+3 6
+2 3
+3 10
+4 6
+18 3
-15 2
+2 3
-2 4
+2 6
+2 18
+1 9
+1 9
+1 9
+3 9
+8 6
+10 6
+3 10
+20 40
-14 20
-2 20
+2 22
-2 2
+2 2
+5 40
+1 20
-1 100
+1 20
+1 20
-1 40
+4 68
269 6

fn=(134)
387 5
+4 1
-4 1
+4 1
-4 1
+4 3
+1 12
-1 4
+1 4
-1 8
+5 7
-3 16
cfn=(136)
calls=4 180 
* 2167
-1 16

fn=(138)
82 30
+9 3
-8 3
-1 9
+1 3
+8 3
+6 9
+18 6
+5 6
+14 20
+12 21
+4 14
-30 14
+19 18
cfi=(15)
cfn=(46)
calls=3 -4 
* 258
* 9
+34 3
+1 21

fl=(24)
fn=(120) _dl_sysdep_read_whole_file
44 2
+3 1
-3 4
+3 1
-3 1
+3 1
cfi=(25)
cfn=(90)
calls=1 +35 
* 5
+1 1
-1 1
+1 2
+2 4
cfi=(26)
cfn=(96)
calls=1 -13 
* 10
* 2
+2 1
+3 1
-3 1
+3 1
+13 2
cfi=(25)
cfn=(106)
calls=1 +14 
* 5
+3 7
-14 7
cfi=(27) /usr/src/debug////////glibc-2.12-2-gc4ccff1/misc/../sysdeps/unix/syscall-template.S
cfn=(98) mmap
calls=1 +25 
* 6
* 2

fn=(84)
301 270
+1 108
cfi=(15)
cfn=(46)
calls=54 135 
* 385
* 108
+3 54
+2 108
+4 55
-4 110
+1 174
cfi=(15)
cfn=(46)
calls=58 135 
* 811
* 116
+6 3
-7 3
+7 60
-7 51
+7 153

fl=(9) /usr/src/debug/glibc-2.12-2-gc4ccff1/elf/../misc/sbrk.c
fn=(16) sbrk
35 3
+8 1
-8 1
+8 5
+4 2
+11 5

fl=(18)
fn=(62) fillin_rpath
387 16
+4 3
cfi=(13)
cfn=(64)
calls=1 -66 
* 286
* 6
cfi=(13)
cfn=(64)
calls=2 -66 
* 244
* 9
+3 4
cfi=(8)
cfn=(14)
calls=2 29 
* 89
+4 2
-4 2
+4 2
+15 4
+29 21
+1 10
-38 8
+5 6
+51 6
+3 8
cfi=(13)
cfn=(32)
calls=2 95 
* 58
* 2
+3 2
-3 2
+3 2
+4 2
+2 6
-2 4
+2 2
cfi=(14)
cfn=(58)
calls=2 56 
* 58
* 2
+3 2
-2 4
+2 2
+1 1
+5 2
+1 1
-1 2
+1 2
-1 2
+1 1
-1 2
+1 26
+1 1
-1 3
+1 1
-1 20
-98 2
+98 3
+1 11
-1 6
+4 2
-1 4
+1 2
+7 4
+1 2
+3 6
+5 1
+3 9
-14 4
-9 3

fn=(88) open_verify
1581 120
+36 10
-36 20
+36 38
+21 50
cfi=(25)
cfn=(90)
calls=10 82 
* 98
+1 10
-1 10
+1 10
+11 6
-1 2
+1 8
cfi=(25)
cfn=(92)
calls=2 82 
* 10
* 4
+7 6
-7 2
+7 2
+16 25
+2 2
-2 28
+60 4
+5 4
+2 6
+6 4
+7 2
+1 2
+1 2
-2 8
+1 6
+16 8
+15 4
-15 80
+1 27
+4 5
+1 3
+14 7
+2 3
+5 1
+1 1
-13 30
+16 2
+6 1
-3 1
+1 1
+1 1
+1 2
+1 1
-1 2
-3 1
+1 1
+1 4
-2 1
+3 2
+14 90
1673 6
cfi=(32) /usr/src/debug/glibc-2.12-2-gc4ccff1/string/../string/memcmp.c
cfn=(122) bcmp
calls=1 322 
* 89
* 4

fn=(54)
633 1
+15 2
-15 8
+15 3
cfi=(5)
cfn=(56) _dl_important_hwcaps
calls=1 354 
* 328
+4 1
-4 1
+4 1
cfi=(13)
cfn=(32)
calls=1 95 
* 29
* 1
+2 1
-2 2
+2 1
+7 5
+4 4
cfi=(13)
cfn=(32)
calls=1 95 
* 29
* 1
* 1
+3 3
+29 1
-22 2
+22 3
-2 2
-21 1
+1 1
+22 3
-8 1
-4 1
-2 2
+11 1
-6 1
-3 1
+1 1
+3 1
+1 1
+4 1
-5 1
-4 1
-2 2
+11 1
-6 1
-3 1
+1 1
+3 1
+1 1
+4 27
+1 2
-1 6
+1 2
-1 24
+1 4
-1 12
+3 10
+7 1
+4 1
-5 1
+6 2
+4 3
+32 4
+8 3
cfi=(19)
cfn=(60)
calls=1 26 
* 43
* 2
+2 2
cfi=(8)
cfn=(14)
calls=1 29 
* 65
* 8
cfi=(14)
cfn=(38)
calls=1 56 
* 31
* 1
+17 6
+2 1
+1 2
+1 1
-4 3
+2 26
+1 52
+1 26
-4 79
+7 1
cfi=(13)
cfn=(32)
calls=1 95 
* 29
* 1
+2 1
-2 1
+2 1
+6 7
cfn=(62)
calls=1 387 
* 997
+4 3
+6 1
+4 8
-72 1
-2 1
+2 2
+11 2

fn=(86) expand_dynamic_string_token
317 8
+10 1
-10 1
+10 1
-10 1
+10 1
cfi=(19)
cfn=(60)
calls=1 26 
* 61
* 2
162 2
cfi=(8)
cfn=(14)
calls=1 29 
* 94
* 1
+1 2
cfi=(13)
cfn=(32)
calls=1 -68 
* 29
* 1
+2 2
+3 2
342 3
168 1
342 4
168 1
cfi=(14)
cfn=(38)
calls=1 56 
* 60

fn=(114) open_path
1835 8
+1 1
-1 5
+7 1
-7 1
+1 1
+6 2
+5 4
+52 2
-52 1
+52 1
-52 7
+75 3
-63 6
+7 8
cfi=(14)
cfn=(58)
calls=2 56 
* 58
+1 2
-1 2
+1 14
+20 16
-20 38
+3 16
+4 48
cfi=(14)
cfn=(58)
calls=8 56 
* 170
* 32
cfi=(14)
cfn=(58)
calls=8 56 
* 184
* 8
-1 8
+7 16
+3 56
cfn=(88)
calls=8 1581 
* 376
* 8
+2 24
+67 2
-41 2
+41 10
+7 2
-2 2
+2 10
-67 16
+1 48
+79 8
-80 16
+7 16
+3 8
-3 8
+3 24
cfi=(30)
cfn=(116)
calls=8 37 
* 98
-1 16
+1 4
-1 4
+3 12
+7 24
+65 9
-14 3
+10 2
-66 6

fn=(82)
1984 3
+11 3
-11 6
+11 3
-11 3
+11 3
-11 21
+11 3
-11 6
+11 6
+12 12
-12 18
+5 35
+3 21
cfi=(24)
cfn=(84)
calls=7 301 
* 478
* 14
2273 27
2027 2
-1 4
+10 2
-1 4
+26 4
-2 2
+2 2
cfi=(19)
cfn=(60)
calls=2 26 
* 62
* 4
2202 2
+1 4
cfn=(86)
calls=1 317 
* 278
+2 1
-3 1
+3 1
+4 9
cfn=(88)
calls=1 1581 
* 162
+3 1
-3 1
+3 1
+11 6
+3 4
+44 2
+1 14
-1 2
+1 6
cfn=(94) _dl_map_object_from_fd
calls=2 836 
* 3013
* 4
2026 4
+39 2
cfi=(8)
cfn=(14)
calls=1 29 
* 32
* 1
+2 1
-2 1
+2 1
+7 4
+35 3
+1 15
cfn=(114)
calls=1 1835 
* 1477
+6 1
-6 1
+6 1
+80 2
-80 2
610 3
2123 4
+6 2
cfi=(31)
cfn=(118) _dl_load_cache_lookup
calls=1 183 
* 1548
+2 1
-2 1
+2 1
+4 3
+9 2
+27 9
cfn=(88)
calls=1 1581 
* 339
+3 2
+2 3
cfn=(126) local_strdup
calls=1 161 
* 138
+1 1
-1 1
+1 2
-94 1
-5 2
+5 1
+3 2
-3 1
+3 2
-3 1
+3 10
-3 3
610 3
2084 3
+14 5
+2 3
-2 2
610 3
2008 6
-1 12
+4 2
+2 2
-2 4
+2 6
cfi=(15)
cfn=(46)
calls=2 135 
* 21
* 6

fn=(94)
836 24
+11 2
-11 2
+11 2
-11 2
+11 2
cfi=(20)
cfn=(66)
calls=2 52 
* 18
+4 6
-4 2
+4 2
cfi=(26)
cfn=(96)
calls=2 37 
* 20
* 4
+11 14
+1 6
-1 15
+1 20
+17 4
+25 4
+10 4
+22 10
+35 14
cfi=(11)
cfn=(24)
calls=2 62 
* 1004
+1 2
-1 2
+1 2
-54 2
+65 2
-65 2
+65 2
+1 2
+4 2
-4 2
+1 4
+2 8
+1 6
+1 4
+22 2
+8 2
-25 2
+17 2
+8 4
-8 8
+8 4
-8 2
+8 4
-8 2
+8 4
+99 4
-47 2
+47 6
-47 2
+47 6
-98 24
+6 6
+1 8
-8 120
+1 85
+70 3
+4 1
+1 2
+1 3
+4 2
+3 2
+7 2
-3 2
+6 1
cfi=(21)
cfn=(128) _dl_next_tls_modid
calls=1 57 
* 6
* 3
+1 1
+58 3
+1 3
-5 4
+1 2
1038 20
+6 8
+1 4
-1 16
+7 12
+11 4
+1 4
-1 4
+1 4
-1 8
+1 4
+1 28
+2 12
+1 12
+1 12
+4 4
-4 4
+4 10
+5 18
+11 2
-11 18
+11 2
-56 3
+1 1
+67 4
+78 8
985 2
1191 4
985 2
1191 8
+2 2
-2 2
+2 2
+19 16
cfi=(27)
cfn=(98)
calls=2 82 
* 12
+4 2
-4 2
+4 4
+7 6
+1 2
+2 2
-2 2
+2 2
+10 4
+35 12
+3 4
+7 16
+6 2
+2 2
-2 2
+1 2
+2 4
-1 8
+8 4
+3 4
+11 16
cfi=(28)
cfn=(102)
calls=2 44 
* 141
+1 12
+5 4
+15 4
-73 20
+4 4
-2 4
+2 20
cfi=(27)
cfn=(98)
calls=2 82 
* 12
-2 4
+11 4
+2 2
-2 2
+2 2
+2 3
-2 3
+2 2
+1 1
-1 2
+1 4
-3 2
+5 4
+57 2
-77 2
+77 4
+9 2
fi=(3)
113 2
fe=(18)
1345 2
fi=(3)
113 2
+6 2
-2 2
+2 4
+7 2
+5 2
+3 2
+1 2
-3 2
-5 4
-1 48
+1 27
+10 9
-18 27
+18 3
-18 9
+2 90
+8 33
+8 33
-18 99
+25 6
+20 4
+1 4
+1 4
+1 4
+2 4
+5 4
+1 3
+1 3
+35 6
+5 1
+2 1
-2 2
+2 1
+2 2
+2 2
+1 1
+2 6
+2 4
+2 4
+1 1
+2 4
fe=(18)
1351 6
+16 6
+19 4
+2 10
+51 6
+1 2
+3 2
cfi=(25)
cfn=(106)
calls=1 82 
* 5
* 2
cfi=(25)
cfn=(106)
calls=1 82 
* 5
* 4
+8 4
+3 4
+2 2
-2 2
+2 2
+16 4
cfi=(4)
cfn=(6)
calls=2 873 
* 38
+4 8
+18 4
+4 2
+5 2
-5 2
+1 4
+4 2
+6 6
cfi=(11)
cfn=(40)
calls=2 33 
* 84
+5 2
-1 4
+20 18
1232 14
cfi=(27)
cfn=(100) mprotect
calls=2 82 
* 10
* 2
1495 2
1321 8
cfi=(27)
cfn=(98)
calls=1 82 
* 6
+3 2
fi=(3)
128 12
+3 12
+1 8
+2 4
+1 4
fe=(18)

fn=(126)
161 4
+1 1
cfi=(8)
cfn=(14)
calls=1 29 
* 64
* 1
+1 2
cfi=(13)
cfn=(32)
calls=1 -68 
* 29
* 1
+2 2
+3 2
+1 2
-1 1
+1 1
-1 1
cfi=(14)
cfn=(38)
calls=1 56 
* 27

fl=(15)
fn=(46)
135 515
+1 515
+1 515
+1 277
+1 277
+1 277
+1 277
cfn=(47) strcmp'2
calls=277 -6 
* 11502
+5 238
+1 238
+1 238
+1 238

fn=(47)
135 1604
+1 1604
+1 1604
+1 1464
+1 1464
+1 1464
+1 1464
cfn=(47)
calls=1327 -6 
* 54518
+2 137
+1 137
+2 140
+1 140
+1 140
+1 140

fl=(22)
fn=(74)
160 21
+9 3
+2 3
cfi=(2)
cfn=(76)
calls=3 796 
* 6
* 3
+1 3
+2 6
-2 3
+2 3
cfi=(23) /usr/src/debug////////glibc-2.12-2-gc4ccff1/setjmp/../sysdeps/x86_64/setjmp.S
cfn=(78) __sigsetjmp
calls=3 26 
* 57
+1 3
-1 3
+1 3
+2 6
+1 3
-1 3
+1 3
cfi=(29)
cfn=(112) openaux
calls=2 62 
* 5828
cfi=(2)
cfn=(80)
calls=1 628 
* 2187
+1 9
+1 3
+1 3
-1 3
+2 3
-1 3
+1 3
+10 12

fn=(130)
198 10
+1 1
cfi=(2)
cfn=(76)
calls=1 796 
* 2
+5 1
-1 1
-4 1
+9 1
+2 1
-3 1
+3 1
cfi=(2)
cfn=(132)
calls=1 660 
* 2256
+2 1
+1 1
+1 8

fl=(35)
fn=(148)
158 24
+10 8
-10 12
+14 4
-14 8
+14 4
+1 20
+6 8
+6 12
+4 8
+8 12
+45 4
fi=(7)
96 8
fe=(35)
242 8
fi=(7)
96 4
+39 6
fe=(35)
268 98
fi=(36) /usr/src/debug/glibc-2.12-2-gc4ccff1/elf/do-rel.h
57 2
+1 2
+1 2
fe=(35)
268 2
156 2
fi=(36)
-91 2
fe=(35)
+91 2
fi=(7)
295 2
fe=(35)
-27 2
fi=(7)
+27 2
fi=(36)
65 2
fe=(35)
268 2
fi=(36)
57 2
+1 2
+1 2
fe=(35)
268 2
156 2
fi=(36)
-91 2
fe=(35)
+91 2
fi=(7)
295 2
fe=(35)
-27 2
fi=(7)
+27 2
fi=(36)
65 2
+3 10
fi=(7)
476 2
-1 4
+4 4
-3 18
-1 36
+4 36
+2 60
+1 20
fi=(36)
68 60
fe=(35)
268 28
fi=(36)
59 4
fe=(35)
268 24
fi=(36)
65 4
fe=(35)
268 4
fi=(36)
57 4
+1 4
+7 4
+10 4
+2 4
-2 8
+1 4
+1 32
+14 3
-12 3
+12 7
-12 1
+12 2
+10 10
+10 9
+4 3
+2 3
-2 3
+2 3
fi=(7)
296 9
fi=(36)
119 6
+1 3
+2 6
-2 3
-1 3
fi=(7)
267 3
fi=(36)
119 3
fi=(7)
270 3
fi=(36)
119 3
+1 9
fi=(7)
270 3
fi=(36)
119 216
+1 108
+2 216
-2 108
-1 108
fi=(7)
267 108
fi=(36)
119 108
fi=(7)
270 108
fi=(36)
119 108
+1 324
fi=(7)
270 108
+18 222
+7 2342
fi=(36)
120 164
fi=(7)
295 246
fi=(36)
120 82
fi=(7)
295 367
fi=(36)
120 26
fi=(7)
295 39
fi=(36)
120 13
fi=(7)
295 1192
cfi=(4)
cfn=(154)
calls=95 724 
* 98784
* 380
+1 333
+4 109
-4 218
+4 109
-1 218
+10 222
fe=(35)
-38 12
+28 4
+3 8
+13 8
+1 4
cfn=(168) _dl_protect_relro
calls=2 +8 
* 48
* 2
+1 32
fi=(7)
135 4
-39 4
+6 4
+4 6
+13 2
-8 2
+8 4
+13 2
+3 2
-3 2
+3 6
fe=(35)
+50 12
+83 18
fi=(36)
117 10
fi=(7)
309 444
+85 95
fi=(36)
117 190
fi=(7)
394 95
fi=(36)
117 97
fi=(7)
377 30
+4 30
+5 20
fi=(36)
117 10
fi=(7)
386 20
fi=(36)
117 20
fi=(7)
327 2
+1 1
fi=(36)
117 1
fi=(7)
328 1
fi=(36)
117 2
fi=(7)
448 4
fi=(36)
117 2
fi=(7)
448 2
cob=(3)
cfi=(38)
cfn=(166)
calls=1 124 
* 6
cob=(3)
cfi=(38)
cfn=(162)
calls=1 106 
* 64
+1 2
fi=(36)
117 4
fi=(7)
430 9
+4 15
cfi=(14)
cfn=(38)
calls=3 56 
* 54
+2 15
295 26
fi=(36)
104 5
fi=(7)
467 3
fi=(36)
104 2
fi=(7)
467 1
fi=(36)
104 1
+7 3
+16 5
+1 2
+1 2
-1 1
fi=(7)
267 1
fi=(36)
128 1
fi=(7)
270 1
fi=(36)
128 3
fi=(7)
270 1
fi=(36)
128 8
+1 8
-1 4
fi=(7)
267 4
fi=(36)
128 4
fi=(7)
270 4
fi=(36)
128 12
fi=(7)
270 4
+18 10
+7 195
cfi=(4)
cfn=(154)
calls=5 724 
* 5563
* 20
+1 15
+4 1
-4 2
+4 1
-1 2
+10 30
+85 15
fi=(36)
127 16
fi=(7)
295 95
fe=(35)

fn=(168)
324 2
-2 4
+1 4
+1 6
+2 4
+2 4
+1 6
cfi=(27)
cfn=(100)
calls=2 82 
* 10
-1 4
+7 4

fl=(6) /usr/src/debug/glibc-2.12-2-gc4ccff1/elf/../sysdeps/unix/sysv/linux/x86_64/brk.c
fn=(10) brk
29 1
+3 4
+2 2
-2 1
+2 1
+7 2

fl=(29)
fn=(112)
62 4
+7 2
-4 22
cfi=(18)
cfn=(82)
calls=2 1984 
* 5794
* 2
+5 4

fn=(110)
149 1
+1 1
-1 2
+1 1
-1 2
+1 1
-1 1
+1 2
-1 4
+1 1
-1 1
+1 2
+16 1
-16 1
+14 1
+1 1
+1 1
+6 3
+10 1
-10 1
+10 1
-36 5
+20 1
-2 1
+19 1
-17 1
+6 1
-6 1
-2 1
+2 1
-2 1
+1 1
+1 1
+6 3
+10 1
-10 1
+10 5
+19 1
-15 1
+18 1
338 3
186 2
338 1
201 2
+2 1
+1 1
338 4
208 1
+5 1
+4 2
-9 3
+5 3
+4 6
+2 2
+3 8
+10 2
-8 2
+7 2
-7 2
+8 2
+3 2
-5 2
+1 2
-7 2
+5 2
+6 14
+50 4
+1 3
-51 188
+1 94
+6 10
cfi=(19)
cfn=(60)
calls=2 26 
* 77
* 6
+5 10
-3 2
+3 2
cfi=(22)
cfn=(74)
calls=2 -87 
* 5942
+2 6
+15 2
+2 4
+5 2
+6 2
+2 2
-8 4
+5 2
-2 2
+1 2
+2 2
+4 12
-59 8
+13 2
466 8
+2 6
+2 6
cfi=(13)
cfn=(32)
calls=2 95 
* 58
* 2
+2 2
-2 2
+2 2
+4 8
-1 2
+2 2
-1 4
cfi=(14)
cfn=(38)
calls=2 56 
* 41
+1 8
cfi=(14)
cfn=(38)
calls=2 56 
* 41
+4 2
-1 2
+5 24
+2 4
+1 26
217 14
+1 3
-1 6
+2 14
488 3
+4 4
+1 2
+3 5
+11 4
cfi=(13)
cfn=(32)
calls=1 95 
* 29
* 1
+2 1
-2 1
+2 1
+5 2
+1 1
-1 1
+1 1
-1 1
+1 1
-1 1
+1 5
+8 5
+4 2
-10 3
+6 15
+4 6
-10 10
+13 2
+53 4
+43 1
-5 1
+6 2
-1 6
+1 3
cfi=(28)
cfn=(102)
calls=1 44 
* 18
* 1
+25 2
-25 1
+25 1
-25 1
+25 1
-21 2
+7 1
-6 2
+6 1
-7 4
+7 2
-6 4
+6 6
+2 8
+1 4
-1 4
+1 4
+3 6
-1 9
+23 3
-28 6
+31 11
+3 16
cfi=(28)
cfn=(102)
calls=2 44 
* 34
* 4
-45 4
+45 1
+7 2
+2 1
+1 1
-1 1
+9 2
+3 2
+3 8
288 180
619 8
cfi=(14)
cfn=(38)
calls=1 56 
* 28
+2 3

fl=(17) /usr/src/debug////////glibc-2.12-2-gc4ccff1/posix/../sysdeps/unix/syscall-template.S
fn=(52) uname
82 4
+1 1

fl=(20)
fn=(70)
77 2

fn=(66)
52 8
+5 4
-5 4
+5 8
+5 2
-1 1
+1 3
+1 2
+4 4
-10 8
+4 1
-1 1
+1 4

fl=(16)
fn=(50)
67 4
+2 3
+85 5
-45 3
cfi=(17)
cfn=(52)
calls=1 -27 
* 5
* 3
+12 2
+10 12
+4 3
-2 9
+2 10
+3 4
-3 4
+7 3
-1 3
+2 3
+2 14
+5 2

fl=(4)
fn=(6)
873 12
+5 2
+3 4
+2 2
-1 2
+4 2
+4 4
-4 2
+1 4
+2 2
+1 2
+2 2
+2 6
-7 2
+7 4
+1 2
+3 6
+2 2
+2 2
+1 2
+1 2
+2 2
-4 2
+4 4

fn=(156) do_lookup_x
83 1008
+1 112
-6 112
+5 336
-5 1008
+12 112
231 112
+3 112
+39 112
-42 112
+3 112
99 112
-3 112
+1 112
+2 112
+3 112
-3 112
+3 112
-3 223
-3 223
+1 223
+2 223
+3 223
-3 223
+3 223
+4 688
+4 664
+4 664
+7 996
+4 332
+1 332
227 332
125 664
+1 664
227 332
+1 664
+4 118
+3 118
-3 236
+3 354
+1 118
+3 236
-1 236
+1 118
-1 236
+21 19
+24 452
470 678
+1 198
-1 554
+4 693
+4 896
288 796
+4 251
+13 106
+1 106
-1 106
+1 318
+1 106
471 200
cfi=(24)
cfn=(84)
calls=40 301 
* 1595
-1 200
263 856
+6 2140
+4 4968
cfn=(160) check_match.12439
calls=621 133 
* 21435
+1 3105
-3 3070
-2 2484
-27 600
+1 200
+2 700
+10 254
-7 920
+2 198
+1 99
-1 99
+1 396
-1 297
+1 396
cfn=(160)
calls=99 133 
* 15503
+1 1022
fi=(37) /usr/src/debug/glibc-2.12-2-gc4ccff1/elf/../sysdeps/generic/dl-hash.h
30 112
+2 448
+3 112
-1 112
+1 336
+2 336
+1 448
+2 336
+1 448
+2 336
+1 448
+2 416
+1 2775
+3 3284
+1 1642
+13 821
+1 2463
-18 104
fe=(4)
264 224

fn=(154)
724 336
485 112
724 672
485 112
724 560
485 560
+1 224
-1 112
+1 336
-1 336
+1 2522
-1 1261
+1 3783
-1 4007
730 112
+9 112
-13 224
+1 224
+12 448
+6 1008
+8 12
-8 30
+2 1680
cfn=(156)
calls=112 83 
* 94912
+3 224
-5 112
+33 224
+23 318
+1 212
-1 424
+39 212
-3 212
+14 318
+3 318
1023 106
859 106
+1 106
+1 896
-81 42
+17 12
+1 6
+54 2

fn=(160)
133 4320
+1 1440
+2 1440
+2 1116
-2 744
+12 1116
+3 744
+5 106
-1 106
+1 106
-1 106
+1 106
+2 202
+19 202
+1 505
+1 101
-1 202
+1 303
cfi=(15)
cfn=(46)
calls=101 -44 
* 8714
-1 202
+46 5040
-73 1480
cfi=(15)
cfn=(46)
calls=296 -16 
* 4911
* 888
+64 532
-9 10
+2 10
+1 10
-1 40
-72 1440
+79 696

fl=(21)
fn=(68)
116 2
+1 3

fn=(128)
57 3
+48 2
+4 1

fn=(170)
843 6
+6 1
+3 2
+5 3
+42 1
-1 3
+1 2
+1 6

fn=(144)
354 1
+13 1
-13 2
+2 1
+11 2
cfi=(13)
cfn=(36) __libc_memalign
calls=1 53 
* 50
* 1
+1 1
-1 1
+1 1
+7 1
+4 307
-58 1
+1 1
-1 1
+1 2
cfi=(13)
cfn=(28)
calls=1 111 
* 39
* 1
+1 2
+3 1
+6 2
+64 5

fn=(142)
138 1
+11 1
-11 3
+45 8
+5 2
+4 2
-4 3
+2 2
+2 3
+12 2
+4 5
+3 2
-1 2
+10 1
-37 2
+37 1
-37 3
+41 1
-1 1
+52 1
-51 1
+52 4
-52 3
+52 1

fn=(172)
402 7
+1 1
-1 1
+1 1
+4 1
+8 5
+5 6
+6 8
+27 3
+8 3
+1 3
+1 6
cfi=(14)
cfn=(58)
calls=1 56 
* 23
* 4
cfi=(28)
cfn=(102)
calls=1 44 
* 27
* 3
-43 3
+6 4
+3 1
+1 2
+7 1
+2 1
-2 2
+2 2
+38 1
+3 9

fl=(27)
fn=(100)
82 16
+1 4

fn=(98)
82 45
+1 9

fn=(178) munmap
82 4
+1 1

fl=(32)
fn=(122)
322 2
+7 2
-7 10
+7 2
+4 3
+16 1
-16 1
+16 2
+1 2
136 7
+4 1
+1 1
+3 3
+48 1
-2 1
+1 1
+1 1
357 1
+2 1
-2 2
+1 1
+5 4
+6 4
+1 4
-3 4
+2 40
+1 20
-3 10
-4 26
+13 14
204 2
-5 2

fl=(51)
fn=(240)
30 12
+2 12
+1 12
+1 12
+1 12
+1 12
+1 12
+1 12
+1 12
+1 12
+1 12
cfi=(52)
cfn=(242)
calls=12 +32 
* 14151
+1 12
+1 12
+1 12
+1 12
+1 12
+1 12
+1 12
+1 12
+1 12
+2 12

fl=(31)
fn=(124) _dl_cache_libcmp
170 36
-29 24
+2 36
+20 36
+2 24
+4 12
+1 24
cfn=(125) _dl_cache_libcmp'2
calls=12 * 
* 826

fn=(125)
170 147
-29 102
+2 147
+2 6
+6 4
+1 2
-1 2
+2 2
-1 4
+1 6
+2 8
+2 4
+6 141
+2 94
+4 37
+1 74
cfn=(125)
calls=37 * 
* 1767
+3 4
+1 2
-8 40

fn=(118)
183 8
+8 2
+3 3
+45 2
+6 3
+16 3
+12 1
-20 1
+8 1
+12 1
-12 1
+12 2
-20 1
+20 2
-20 1
+20 180
cfn=(124)
calls=10 170 
* 777
* 41
+21 9
-97 4
cfi=(24)
cfn=(120)
calls=1 44 
* 68
+8 2
+1 1
-1 2
+1 3
-1 13
+5 2
+3 4
+3 1
+1 2
-1 1
+1 1
+2 3
cfi=(32)
cfn=(122)
calls=1 322 
* 87
-2 2
+56 27
cfn=(124)
calls=1 170 
* 81
* 5
cfn=(124)
calls=1 170 
* 160
* 36
+16 4

fn=(176)
303 1
+1 4
+2 2
cfi=(27)
cfn=(178)
calls=1 82 
* 5
+1 1
+2 2

fl=(13)
fn=(36)
53 88
+1 87
+11 63
+3 21
-3 21
+3 42
-3 3
+3 1
-3 1
+3 78
+4 12
+1 9
+6 21
cfi=(27)
cfn=(98)
calls=3 +3 
* 18
+2 6
+3 6
+1 6
-1 3
+1 6
+3 3
+1 3
+2 12
-3 19
+1 19
+2 76
-31 2
-1 5

fn=(64)
325 5
+1 10
+4 27
+5 6
-5 270
+5 364
+2 736
+8 92
-15 278
+18 2
+4 4
-13 2
+2 2
+7 1
+4 1

fn=(32)
95 21
+1 42
cfn=(36)
calls=21 -43 
* 581
* 21

fn=(28)
111 8
-3 8
+3 16
-3 8
+3 16
+4 16
cfn=(32)
calls=8 -20 
* 288
* 8

fl=(23)
fn=(78)
26 3
+2 3
+1 6
+1 3
+4 3
+1 3
+1 3
+1 3
+1 3
+2 6
+2 3
+1 3
+2 6
+2 3
+4 3
+1 3

fl=(5)
fn=(174)
252 1

fn=(8)
89 8
+25 1
-1 1
+1 179
+3 1
-3 1
+6 2
-2 1
-1 1
+3 1
-6 1
+6 4
+1 1
-1 7
+1 102
+3 2
-4 49
fi=(16)
-84 2
cfi=(6)
cfn=(10)
calls=1 -7 
* 11
fi=(7)
226 5
fe=(5)
+3 2
cfi=(9)
cfn=(16)
calls=1 35 
* 17
* 3
+12 3
+3 5
cfi=(2)
cfn=(18)
calls=1 888 
* 132937
+2 9
-67 1
-59 4
+34 1
-34 4
+43 1
-43 4
+40 1
-40 4
+37 1
-37 5
+13 1
-13 4
+10 1
-10 4
+7 1
-7 4
227 1
cfi=(8)
cfn=(14)
calls=1 29 
* 41
* 2

fn=(56)
354 6
+3 1
-3 2
+3 1
-1 1
+1 1
+9 1
-12 4
+12 1
+10 3
+75 2
+8 2
+2 1
+1 1
-1 2
+1 3
+11 1
-7 2
+1 1
-1 1
+7 1
+4 6
+1 2
+18 11
+1 3
cfi=(13)
cfn=(32)
calls=1 95 
* 29
* 1
+1 1
-1 1
+1 1
+4 2
+22 3
+3 1
-3 3
+3 1
+28 2
-7 1
+7 4
+1 1
-1 1
+1 1
-1 1
+1 1
-1 1
+1 3
-1 3
+1 3
-1 3
+1 3
-1 5
+5 2
-5 3
+5 3
+3 1
-3 1
+3 1
-3 3
+3 1
-3 1
+3 7
+2 16
-2 4
+1 12
-1 2
+1 12
-1 10
+4 4
+3 1
+2 2
-1 1
-1 2
+2 3
+13 11
+1 1
+2 2
-3 3
+1 1
+2 2
+3 3
+3 9
418 1
+3 1
-3 1
+3 8
529 5
cfi=(14)
cfn=(58)
calls=1 56 
* 22
* 1
+1 1
-1 1
+1 2
cfi=(14)
cfn=(58)
calls=1 56 
* 22
* 3

ob=(4)
fl=(41)
fn=(202)
0 12

fn=(192)
0 16

fn=(186)
0 6

fn=(564)
0 10
cob=(3)
cfi=(91)
cfn=(576)
calls=1 31 
0 62
cob=(1)
cfi=(51)
cfn=(240)
calls=1 30 
0 1083
0 5
0 9
cfn=(584) 0x0000000000000540
calls=1 0 
0 9
0 5

fn=(584)
0 9

totals: 32206528535
